1 516
2 501
3 490
4 460
5 452
6 462
7 481
8 493
9 505
10 460
11 447
12 445
13 453
14 459
15 464
16 481
17 475
18 312
19 307
20 306
21 365
22 305
23 260
24 229
25 243
26 226
27 246
28 257
29 235
30 181
31 181
32 187
33 194
34 181
35 180
36 182
37 185
38 185
39 156
40 158
41 153
42 154
43 152
44 153
45 111
46 113
47 113
48 113
49 115
50 109
51 110
52 110
53 108
54 111
55 112
56 110
57 114
58 113
59 111
60 112
61 114
62 112
63 112
64 111
65 109
66 120
67 110
68 114
69 112
70 109
71 112
72 111
73 111
74 111
75 108
76 126
77 108
78 113
79 108
80 110
81 110
82 109
83 110
84 107
85 108
86 121
87 106
88 108
89 106
90 107
91 111
92 109
93 108
94 108
95 109
96 121
97 108
98 109
99 108
100 108
101 109
102 106
103 105
104 112
105 106
106 112
107 115
108 105
109 107
110 110
111 106
112 108
113 108
114 106
115 106
116 121
117 105
118 106
119 108
120 105
121 107
122 107
123 107
124 108
125 107
126 107
127 107
128 105
129 108
130 107
131 107
132 104
133 104
134 104
135 105
136 105
137 103
138 105
139 103
140 102
141 105
142 100
143 100
144 100
145 101
146 102
147 102
148 100
149 107
150 102
151 102
152 104
153 105
154 104
155 101
156 101
157 114
158 103
159 98
160 100
161 97
162 101
163 99
164 95
165 95
166 99
167 96
168 96
169 100
170 99
171 98
172 98
173 96
174 111
175 96
176 95
177 96
178 96
179 94
180 94
181 94
182 93
183 93
184 94
185 95
186 92
187 93
188 94
189 94
190 97
191 96
192 99
193 97
194 98
195 98
196 95
197 97
198 98
199 97
200 94
201 94
202 93
203 96
204 95
205 94
206 93
207 96
208 93
209 92
210 95
211 98
212 96
213 92
214 94
215 107
216 94
217 97
218 96
219 96
220 94
221 94
222 93
223 97
224 95
225 96
226 93
227 95
228 93
229 98
230 99
231 94
232 98
233 94
234 93
235 94
236 98
237 97
238 101
239 96
240 94
241 93
242 94
243 93
244 96
245 94
246 95
247 92
248 94
249 97
250 93
251 97
252 93
253 92
254 93
255 96
256 93
257 91
258 95
259 98
260 96
261 95
262 94
263 95
264 99
265 95
266 95
267 97
268 96
269 95
270 93
271 93
272 95
273 101
274 96
275 94
276 94
277 91
278 92
279 92
280 94
281 96
282 91
283 94
284 93
285 91
286 93
287 93
288 94
289 93
290 92
291 93
292 92
293 95
294 94
295 93
296 94
297 93
298 95
299 94
300 94
301 93
302 93
303 93
304 94
305 92
306 94
307 94
308 96
309 93
310 92
311 94
312 93
313 94
314 94
315 94
316 92
317 94
318 92
319 94
320 102
321 94
322 94
323 93
324 94
325 94
326 92
327 95
328 92
329 93
330 96
331 93
332 95
333 93
334 92
335 97
336 95
337 93
338 94
339 95
340 94
341 94
342 93
343 105
344 94
345 93
346 97
347 94
348 96
349 105
350 96
351 108
352 95
353 95
354 116
355 93
356 95
357 94
358 94
359 97
360 96
361 95
362 94
363 93
364 94
365 93
366 93
367 93
368 93
369 93
370 92
371 92
372 95
373 93
374 92
375 92
376 95
377 102
378 97
379 97
380 97
381 97
382 97
383 98
384 95
385 96
386 96
387 97
388 94
389 95
390 93
391 97
392 93
393 93
394 93
395 93
396 97
397 91
398 93
399 94
400 98
401 97
402 95
403 96
404 100
405 95
406 95
407 95
408 97
409 121
410 96
411 103
412 98
413 97
414 95
415 97
416 93
417 96
418 92
419 93
420 93
421 93
422 96
423 94
424 93
425 92
426 97
427 93
428 95
429 96
430 95
431 94
432 95
433 95
434 100
435 94
436 95
437 95
438 99
439 92
440 94
441 93
442 94
443 93
444 91
445 92
446 94
447 93
448 92
449 94
450 93
451 92
452 93
453 95
454 92
455 93
456 93
457 94
458 94
459 94
460 95
461 92
462 93
463 92
464 93
465 93
466 93
467 92
468 93
469 92
470 93
471 93
472 92
473 94
474 93
475 94
476 92
477 93
478 94
479 94
480 92
481 92
482 92
483 92
484 93
485 93
486 91
487 96
488 93
489 93
490 93
491 92
492 92
493 95
494 91
495 92
496 93
497 93
498 93
499 93
500 94
501 92
502 93
503 94
504 93
505 99
506 93
507 93
508 92
509 93
510 94
511 93
512 93
513 94
514 93
515 94
516 93
517 92
518 93
519 94
520 94
521 94
522 91
523 92
524 92
525 91
526 93
527 92
528 91
529 92
530 93
531 93
532 93
533 92
534 92
535 95
536 92
537 93
538 94
539 93
540 92
541 94
542 94
543 93
544 92
545 96
546 92
547 92
548 93
549 93
550 95
551 93
552 98
553 94
554 93
555 94
556 92
557 93
558 95
559 92
560 94
561 94
562 92
563 93
564 98
565 95
566 93
567 93
568 94
569 93
570 92
571 92
572 93
573 94
574 93
575 94
576 93
577 93
578 94
579 92
580 93
581 92
582 94
583 93
584 95
585 93
586 100
587 92
588 94
589 92
590 92
591 93
592 94
593 93
594 93
595 94
596 93
597 93
598 95
599 99
600 92
601 92
602 93
603 94
604 92
605 93
606 93
607 93
608 94
609 94
610 95
611 92
612 92
613 95
614 95
615 94
616 93
617 93
618 94
619 94
620 94
621 92
622 93
623 92
624 93
625 93
626 93
627 93
628 93
629 92
630 95
631 93
632 94
633 94
634 93
635 94
636 92
637 91
638 94
639 93
640 92
641 93
642 94
643 93
644 93
645 94
646 92
647 92
648 94
649 94
650 95
651 94
652 93
653 91
654 93
655 93
656 93
657 93
658 99
659 94
660 92
661 93
662 94
663 93
664 94
665 93
666 95
667 93
668 94
669 92
670 99
671 92
672 93
673 94
674 93
675 94
676 94
677 93
678 94
679 94
680 95
681 95
682 94
683 99
684 97
685 97
686 93
687 97
688 92
689 92
690 94
691 96
692 93
693 101
694 93
695 98
696 94
697 92
698 92
699 94
700 94
701 97
702 97
703 96
704 94
705 96
706 95
707 95
708 94
709 97
710 96
711 96
712 96
713 95
714 95
715 94
716 95
717 95
718 93
719 93
720 95
721 95
722 97
723 93
724 96
725 97
726 96
727 98
728 94
729 96
730 96
731 93
732 94
733 94
734 98
735 95
736 94
737 93
738 94
739 94
740 93
741 94
742 94
743 93
744 96
745 93
746 94
747 94
748 95
749 93
750 97
751 94
752 92
753 94
754 94
755 97
756 95
757 97
758 96
759 94
760 92
761 93
762 94
763 93
764 94
765 95
766 95
767 95
768 94
769 96
770 95
771 96
772 98
773 94
774 99
775 94
776 95
777 94
778 94
779 95
780 96
781 96
782 94
783 92
784 92
785 96
786 94
787 95
788 96
789 96
790 96
791 93
792 94
793 92
794 97
795 94
796 96
797 100
798 97
799 94
800 94
801 95
802 92
803 92
804 96
805 95
806 94
807 95
808 95
809 96
810 94
811 94
812 95
813 99
814 96
815 96
816 98
817 93
818 94
819 94
820 128
821 93
822 93
823 92
824 93
825 94
826 99
827 99
828 97
829 99
830 99
831 98
832 93
833 95
834 101
835 99
836 99
837 98
838 97
839 93
840 95
841 93
842 93
843 99
844 96
845 94
846 93
847 98
848 94
849 97
850 99
851 97
852 94
853 94
854 96
855 99
856 97
857 98
858 97
859 101
860 98
861 99
862 97
863 100
864 101
865 102
866 94
867 96
868 94
869 94
870 93
871 98
872 94
873 94
874 93
875 95
876 92
877 98
878 93
879 95
880 92
881 97
882 93
883 92
884 94
885 96
886 95
887 96
888 99
889 98
890 95
891 96
892 94
893 94
894 96
895 95
896 95
897 97
898 96
899 95
900 94
901 92
902 96
903 95
904 98
905 96
906 97
907 94
908 93
909 95
910 92
911 93
912 95
913 95
914 96
915 96
916 94
917 92
918 95
919 94
920 94
921 96
922 92
923 94
924 93
925 92
926 96
927 95
928 97
929 94
930 95
931 93
932 93
933 94
934 94
935 98
936 96
937 97
938 97
939 96
940 96
941 94
942 93
943 96
944 92
945 93
946 102
947 95
948 97
949 96
950 95
951 94
952 95
953 94
954 98
955 95
956 95
957 94
958 93
959 93
960 92
961 93
962 95
963 93
964 95
965 93
966 94
967 93
968 94
969 92
970 96
971 97
972 94
973 97
974 93
975 97
976 95
977 95
978 93
979 96
980 93
981 93
982 93
983 94
984 95
985 92
986 96
987 96
988 96
989 94
990 94
991 92
992 99
993 92
994 94
995 93
996 92
997 93
998 97
999 94
1000 95
1001 95
1002 94
1003 94
1004 95
1005 99
1006 92
1007 93
1008 95
1009 95
1010 96
1011 95
1012 95
1013 95
1014 96
1015 95
1016 93
1017 97
1018 94
1019 96
1020 96
1021 97
1022 94
1023 94
1024 95
1025 93
1026 96
1027 97
1028 95
1029 96
1030 96
1031 97
1032 93
1033 94
1034 93
1035 92
1036 94
1037 98
1038 94
1039 94
1040 91
1041 94
1042 92
1043 95
1044 96
1045 97
1046 96
1047 92
1048 95
1049 93
1050 97
1051 92
1052 93
1053 94
1054 95
1055 95
1056 96
1057 94
1058 97
1059 93
1060 97
1061 96
1062 94
1063 95
1064 94
1065 95
1066 97
1067 95
1068 95
1069 93
1070 95
1071 95
1072 93
1073 94
1074 96
1075 93
1076 95
1077 92
1078 94
1079 95
1080 96
1081 95
1082 95
1083 94
1084 95
1085 92
1086 94
1087 96
1088 93
1089 94
1090 93
1091 96
1092 95
1093 96
1094 101
1095 94
1096 94
1097 93
1098 94
1099 93
1100 95
1101 94
1102 93
1103 92
1104 92
1105 94
1106 97
1107 94
1108 92
1109 94
1110 94
1111 96
1112 95
1113 95
1114 95
1115 95
1116 96
1117 94
1118 94
1119 96
1120 98
1121 95
1122 95
1123 93
1124 94
1125 95
1126 93
1127 94
1128 94
1129 92
1130 95
1131 97
1132 95
1133 96
1134 96
1135 95
1136 97
1137 94
1138 97
1139 94
1140 93
1141 96
1142 97
1143 95
1144 94
1145 93
1146 98
1147 94
1148 93
1149 95
1150 93
1151 94
1152 93
1153 94
1154 94
1155 92
1156 96
1157 95
1158 94
1159 94
1160 93
1161 96
1162 94
1163 94
1164 96
1165 97
1166 97
1167 96
1168 95
1169 97
1170 100
1171 95
1172 94
1173 96
1174 95
1175 93
1176 98
1177 94
1178 97
1179 95
1180 97
1181 96
1182 95
1183 94
1184 92
1185 94
1186 95
1187 93
1188 94
1189 94
1190 93
1191 93
1192 94
1193 92
1194 94
1195 94
1196 93
1197 94
1198 92
1199 94
1200 92
1201 93
1202 95
1203 93
1204 94
1205 95
1206 93
1207 94
1208 92
1209 93
1210 94
1211 96
1212 92
1213 94
1214 96
1215 95
1216 96
1217 94
1218 92
1219 92
1220 94
1221 95
1222 92
1223 93
1224 95
1225 99
1226 96
1227 95
1228 95
1229 95
1230 95
1231 95
1232 96
1233 94
1234 97
1235 93
1236 96
1237 93
1238 96
1239 92
1240 93
1241 96
1242 97
1243 95
1244 96
1245 95
1246 95
1247 93
1248 96
1249 96
1250 92
1251 94
1252 95
1253 93
1254 94
1255 95
1256 96
1257 101
1258 96
1259 95
1260 94
1261 94
1262 97
1263 92
1264 95
1265 97
1266 94
1267 97
1268 95
1269 98
1270 95
1271 94
1272 94
1273 93
1274 94
1275 93
1276 92
1277 94
1278 97
1279 94
1280 94
1281 96
1282 98
1283 95
1284 93
1285 93
1286 97
1287 94
1288 97
1289 97
1290 95
1291 97
1292 96
1293 96
1294 93
1295 94
1296 94
1297 96
1298 94
1299 99
1300 95
1301 95
1302 93
1303 96
1304 92
1305 98
1306 94
1307 91
1308 93
1309 94
1310 92
1311 94
1312 93
1313 93
1314 92
1315 93
1316 94
1317 94
1318 96
1319 92
1320 93
1321 92
1322 92
1323 93
1324 93
1325 94
1326 94
1327 97
1328 93
1329 94
1330 92
1331 94
1332 94
1333 93
1334 92
1335 93
1336 93
1337 93
1338 93
1339 97
1340 92
1341 94
1342 92
1343 93
1344 94
1345 94
1346 94
1347 93
1348 93
1349 92
1350 94
1351 92
1352 94
1353 94
1354 92
1355 93
1356 96
1357 92
1358 92
1359 92
1360 94
1361 93
1362 94
1363 92
1364 93
1365 92
1366 98
1367 92
1368 93
1369 93
1370 93
1371 93
1372 95
1373 91
1374 94
1375 93
1376 94
1377 93
1378 94
1379 93
1380 93
1381 93
1382 94
1383 92
1384 94
1385 92
1386 93
1387 93
1388 94
1389 94
1390 93
1391 93
1392 92
1393 93
1394 93
1395 93
1396 93
1397 91
1398 96
1399 93
1400 93
1401 93
1402 94
1403 93
1404 94
1405 93
1406 92
1407 95
1408 97
1409 97
1410 95
1411 93
1412 92
1413 94
1414 95
1415 96
1416 97
1417 96
1418 93
1419 91
1420 96
1421 96
1422 94
1423 93
1424 94
1425 96
1426 97
1427 96
1428 94
1429 93
1430 93
1431 93
1432 93
1433 103
1434 96
1435 94
1436 95
1437 96
1438 95
1439 93
1440 96
1441 95
1442 96
1443 96
1444 93
1445 93
1446 93
1447 95
1448 96
1449 96
1450 96
1451 93
1452 94
1453 97
1454 97
1455 94
1456 100
1457 98
1458 92
1459 93
1460 95
1461 97
1462 93
1463 93
1464 93
1465 93
1466 94
1467 93
1468 92
1469 92
1470 94
1471 97
1472 97
1473 95
1474 95
1475 99
1476 97
1477 97
1478 98
1479 100
1480 93
1481 95
1482 93
1483 92
1484 92
1485 92
1486 95
1487 95
1488 96
1489 95
1490 93
1491 98
1492 93
1493 97
1494 96
1495 93
1496 92
1497 93
1498 93
1499 94
1500 93
1501 97
1502 96
1503 95
1504 97
1505 96
1506 94
1507 93
1508 94
1509 94
1510 96
1511 95
1512 94
1513 94
1514 93
1515 93
1516 94
1517 95
1518 96
1519 96
1520 96
1521 96
1522 96
1523 95
1524 93
1525 100
1526 96
1527 97
1528 95
1529 96
1530 95
1531 94
1532 95
1533 95
1534 94
1535 93
1536 96
1537 98
1538 96
1539 95
1540 96
1541 95
1542 95
1543 93
1544 95
1545 94
1546 97
1547 94
1548 94
1549 94
1550 94
1551 93
1552 94
1553 98
1554 94
1555 94
1556 93
1557 94
1558 96
1559 94
1560 93
1561 95
1562 94
1563 93
1564 93
1565 93
1566 96
1567 97
1568 98
1569 92
1570 93
1571 93
1572 95
1573 94
1574 93
1575 93
1576 98
1577 93
1578 93
1579 93
1580 94
1581 93
1582 94
1583 93
1584 97
1585 95
1586 95
1587 96
1588 100
1589 97
1590 98
1591 97
1592 95
1593 93
1594 95
1595 97
1596 96
1597 95
1598 94
1599 95
1600 95
1601 94
1602 96
1603 94
1604 95
1605 93
1606 95
1607 94
1608 93
1609 95
1610 92
1611 94
1612 95
1613 94
1614 94
1615 93
1616 95
1617 96
1618 98
1619 92
1620 98
1621 95
1622 100
1623 95
1624 98
1625 93
1626 93
1627 93
1628 95
1629 93
1630 94
1631 93
1632 94
1633 93
1634 97
1635 94
1636 95
1637 95
1638 98
1639 102
1640 106
1641 100
1642 95
1643 96
1644 94
1645 95
1646 94
1647 95
1648 98
1649 97
1650 98
1651 93
1652 95
1653 94
1654 93
1655 94
1656 94
1657 93
1658 94
1659 94
1660 93
1661 91
1662 93
1663 94
1664 95
1665 94
1666 94
1667 94
1668 93
1669 96
1670 93
1671 95
1672 97
1673 95
1674 95
1675 92
1676 93
1677 92
1678 95
1679 93
1680 92
1681 93
1682 94
1683 94
1684 99
1685 93
1686 94
1687 94
1688 94
1689 96
1690 93
1691 95
1692 93
1693 93
1694 92
1695 94
1696 95
1697 106
1698 105
1699 104
1700 92
1701 93
1702 93
1703 97
1704 93
1705 93
1706 93
1707 92
1708 93
1709 91
1710 94
1711 93
1712 93
1713 91
1714 93
1715 94
1716 94
1717 93
1718 95
1719 95
1720 95
1721 95
1722 94
1723 92
1724 98
1725 94
1726 92
1727 95
1728 106
1729 101
1730 95
1731 94
1732 96
1733 96
1734 97
1735 102
1736 94
1737 98
1738 94
1739 94
1740 102
1741 94
1742 94
1743 93
1744 96
1745 93
1746 94
1747 93
1748 94
1749 94
1750 92
1751 93
1752 98
1753 92
1754 92
1755 106
1756 94
1757 94
1758 95
1759 93
1760 94
1761 94
1762 93
1763 93
1764 92
1765 95
1766 93
1767 93
1768 92
1769 93
1770 93
1771 95
1772 91
1773 92
1774 94
1775 92
1776 94
1777 92
1778 93
1779 92
1780 93
1781 93
1782 93
1783 93
1784 93
1785 92
1786 93
1787 97
1788 94
1789 92
1790 94
1791 93
1792 93
1793 93
1794 93
1795 94
1796 92
1797 94
1798 95
1799 93
1800 93
1801 94
1802 93
1803 92
1804 93
1805 93
1806 93
1807 93
1808 94
1809 93
1810 100
1811 93
1812 93
1813 94
1814 92
1815 94
1816 94
1817 93
1818 95
1819 93
1820 93
1821 92
1822 94
1823 93
1824 94
1825 93
1826 96
1827 93
1828 94
1829 93
1830 93
1831 94
1832 94
1833 99
1834 92
1835 93
1836 94
1837 93
1838 92
1839 94
1840 94
1841 92
1842 93
1843 94
1844 93
1845 94
1846 92
1847 95
1848 91
1849 94
1850 93
1851 93
1852 93
1853 93
1854 94
1855 94
1856 98
1857 94
1858 93
1859 93
1860 92
1861 93
1862 94
1863 95
1864 94
1865 94
1866 93
1867 94
1868 93
1869 94
1870 92
1871 93
1872 91
1873 94
1874 93
1875 92
1876 93
1877 93
1878 93
1879 98
1880 93
1881 92
1882 94
1883 93
1884 93
1885 93
1886 94
1887 94
1888 94
1889 93
1890 92
1891 93
1892 94
1893 94
1894 93
1895 93
1896 94
1897 94
1898 95
1899 95
1900 94
1901 93
1902 98
1903 94
1904 95
1905 95
1906 93
1907 93
1908 93
1909 93
1910 94
1911 93
1912 94
1913 93
1914 92
1915 93
1916 94
1917 92
1918 94
1919 93
1920 93
1921 93
1922 92
1923 93
1924 95
1925 107
1926 99
1927 98
1928 100
1929 95
1930 102
1931 94
1932 94
1933 94
1934 94
1935 93
1936 102
1937 94
1938 96
1939 95
1940 94
1941 93
1942 92
1943 93
1944 93
1945 93
1946 93
1947 94
1948 94
1949 93
1950 93
1951 93
1952 94
1953 93
1954 92
1955 92
1956 92
1957 92
1958 92
1959 98
1960 93
1961 94
1962 93
1963 93
1964 94
1965 93
1966 95
1967 93
1968 93
1969 94
1970 94
1971 94
1972 93
1973 93
1974 93
1975 95
1976 93
1977 92
1978 92
1979 93
1980 95
1981 94
1982 94
1983 94
1984 92
1985 91
1986 93
1987 92
1988 93
1989 93
1990 95
1991 94
1992 92
1993 94
1994 96
1995 93
1996 94
1997 93
1998 93
1999 92
2000 95
2001 93
2002 93
2003 92
2004 92
2005 92
2006 93
2007 92
2008 91
2009 94
2010 94
2011 91
2012 94
2013 93
2014 94
2015 94
2016 92
2017 93
2018 94
2019 94
2020 93
2021 93
2022 93
2023 93
2024 93
2025 92
2026 92
2027 92
2028 94
2029 94
2030 93
2031 93
2032 95
2033 95
2034 95
2035 95
2036 94
2037 92
2038 93
2039 94
2040 93
2041 93
2042 91
2043 94
2044 93
2045 93
2046 92
2047 93
2048 92
2049 94
2050 93
2051 92
2052 95
2053 92
2054 94
2055 95
2056 93
2057 94
2058 94
2059 92
2060 93
2061 92
2062 93
2063 94
2064 94
2065 91
2066 94
2067 92
2068 94
2069 93
2070 93
2071 93
2072 92
2073 93
2074 94
2075 92
2076 94
2077 92
2078 93
2079 94
2080 91
2081 92
2082 94
2083 94
2084 93
2085 98
2086 93
2087 94
2088 94
2089 91
2090 93
2091 94
2092 92
2093 94
2094 94
2095 93
2096 94
2097 93
2098 93
2099 92
2100 93
2101 94
2102 93
2103 94
2104 93
2105 94
2106 93
2107 94
2108 101
2109 94
2110 93
2111 93
2112 95
2113 93
2114 93
2115 100
2116 95
2117 94
2118 96
2119 95
2120 96
2121 95
2122 94
2123 93
2124 95
2125 93
2126 93
2127 95
2128 96
2129 97
2130 96
2131 95
2132 94
2133 95
2134 95
2135 95
2136 97
2137 96
2138 95
2139 95
2140 93
2141 93
2142 104
2143 93
2144 95
2145 96
2146 95
2147 96
2148 95
2149 94
2150 97
2151 94
2152 95
2153 95
2154 94
2155 96
2156 97
2157 96
2158 97
2159 96
2160 94
2161 93
2162 93
2163 93
2164 96
2165 103
2166 99
2167 100
2168 99
2169 100
2170 99
2171 99
2172 105
2173 98
2174 100
2175 102
2176 102
2177 100
2178 102
2179 103
2180 104
2181 105
2182 103
2183 99
2184 101
2185 103
2186 107
2187 101
2188 105
2189 121
2190 104
2191 107
2192 109
2193 109
2194 107
2195 105
2196 102
2197 100
2198 102
2199 103
2200 105
2201 104
2202 105
2203 103
2204 103
2205 105
2206 106
2207 106
2208 108
2209 107
2210 114
2211 115
2212 110
2213 107
2214 109
2215 110
2216 105
2217 111
2218 110
2219 110
2220 111
2221 112
2222 108
2223 110
2224 107
2225 107
2226 105
2227 107
2228 118
2229 122
2230 111
2231 108
2232 108
2233 107
2234 108
2235 111
2236 123
2237 108
2238 110
2239 106
2240 105
2241 107
2242 109
2243 106
2244 109
2245 106
2246 107
2247 107
2248 112
2249 109
2250 109
2251 109
2252 110
2253 110
2254 108
2255 112
2256 107
2257 107
2258 107
2259 105
2260 105
2261 105
2262 107
2263 106
2264 109
2265 106
2266 108
2267 112
2268 106
2269 107
2270 107
2271 108
2272 108
2273 108
2274 105
2275 108
2276 108
2277 107
2278 106
2279 111
2280 107
2281 107
2282 106
2283 107
2284 108
2285 109
2286 108
2287 106
2288 107
2289 108
2290 106
2291 109
2292 107
2293 107
2294 107
2295 108
2296 108
2297 110
2298 109
2299 107
2300 112
2301 109
2302 107
2303 107
2304 107
2305 107
2306 106
2307 108
2308 107
2309 107
2310 106
2311 107
2312 114
2313 108
2314 107
2315 106
2316 107
2317 106
2318 106
2319 106
2320 108
2321 105
2322 106
2323 108
2324 108
2325 105
2326 115
2327 108
2328 108
2329 107
2330 107
2331 113
2332 108
2333 106
2334 107
2335 106
2336 121
2337 108
2338 109
2339 108
2340 108
2341 107
2342 108
2343 110
2344 108
2345 108
2346 116
2347 105
2348 107
2349 107
2350 109
2351 108
2352 109
2353 107
2354 107
2355 107
2356 114
2357 107
2358 107
2359 107
2360 108
2361 110
2362 108
2363 107
2364 105
2365 105
2366 122
2367 102
2368 104
2369 106
2370 111
2371 106
2372 105
2373 110
2374 108
2375 104
2376 110
2377 104
2378 128
2379 117
2380 114
2381 115
2382 116
2383 116
2384 118
2385 119
2386 119
2387 122
2388 120
2389 119
2390 117
2391 114
2392 113
2393 110
2394 100
2395 99
2396 99
2397 98
2398 98
2399 100
2400 97
2401 98
2402 97
2403 100
2404 98
2405 99
2406 100
2407 95
2408 95
2409 95
2410 111
2411 93
2412 94
2413 93
2414 93
2415 93
2416 93
2417 94
2418 96
2419 92
2420 94
2421 94
2422 95
2423 93
2424 92
2425 92
2426 93
2427 92
2428 95
2429 92
2430 91
2431 93
2432 93
2433 92
2434 93
2435 95
2436 94
2437 94
2438 93
2439 93
2440 93
2441 93
2442 91
2443 93
2444 92
2445 93
2446 93
2447 94
2448 93
2449 93
2450 91
2451 94
2452 94
2453 93
2454 93
2455 93
2456 92
2457 94
2458 93
2459 96
2460 93
2461 93
2462 93
2463 92
2464 92
2465 93
2466 94
2467 92
2468 93
2469 93
2470 92
2471 93
2472 95
2473 93
2474 93
2475 93
2476 94
2477 95
2478 93
2479 93
2480 94
2481 93
2482 93
2483 94
2484 94
2485 93
2486 92
2487 93
2488 92
2489 93
2490 92
2491 92
2492 95
2493 93
2494 93
2495 95
2496 98
2497 93
2498 92
2499 94
2500 94
2501 94
2502 92
2503 94
2504 94
2505 91
2506 93
2507 95
2508 93
2509 93
2510 94
2511 93
2512 93
2513 91
2514 93
2515 93
2516 93
2517 94
2518 93
2519 95
2520 93
2521 95
2522 92
2523 92
2524 93
2525 93
2526 92
2527 93
2528 95
2529 93
2530 93
2531 93
2532 93
2533 93
2534 94
2535 93
2536 94
2537 94
2538 92
2539 94
2540 92
2541 96
2542 93
2543 93
2544 94
2545 94
2546 92
2547 92
2548 93
2549 93
2550 93
2551 93
2552 94
2553 92
2554 93
2555 97
2556 94
2557 94
2558 94
2559 93
2560 93
2561 96
2562 95
2563 94
2564 94
2565 92
2566 93
2567 95
2568 95
2569 93
2570 94
2571 93
2572 94
2573 92
2574 93
2575 93
2576 94
2577 94
2578 92
2579 94
2580 94
2581 93
2582 93
2583 94
2584 92
2585 95
2586 93
2587 95
2588 93
2589 93
2590 94
2591 93
2592 93
2593 96
2594 94
2595 94
2596 93
2597 94
2598 95
2599 96
2600 94
2601 93
2602 94
2603 91
2604 92
2605 92
2606 93
2607 93
2608 96
2609 95
2610 94
2611 94
2612 93
2613 93
2614 93
2615 93
2616 93
2617 92
2618 94
2619 92
2620 94
2621 93
2622 93
2623 94
2624 100
2625 94
2626 94
2627 92
2628 95
2629 94
2630 92
2631 93
2632 95
2633 93
2634 93
2635 94
2636 92
2637 94
2638 94
2639 93
2640 94
2641 93
2642 93
2643 94
2644 95
2645 95
2646 92
2647 105
2648 93
2649 93
2650 123
2651 94
2652 91
2653 93
2654 94
2655 93
2656 94
2657 94
2658 104
2659 97
2660 95
2661 94
2662 93
2663 94
2664 93
2665 94
2666 94
2667 94
2668 92
2669 92
2670 94
2671 93
2672 93
2673 93
2674 93
2675 92
2676 94
2677 93
2678 93
2679 94
2680 93
2681 99
2682 92
2683 92
2684 94
2685 96
2686 95
2687 94
2688 95
2689 96
2690 93
2691 92
2692 101
2693 94
2694 93
2695 94
2696 94
2697 93
2698 92
2699 95
2700 94
2701 92
2702 94
2703 92
2704 92
2705 94
2706 93
2707 93
2708 93
2709 93
2710 92
2711 92
2712 93
2713 92
2714 95
2715 92
2716 92
2717 94
2718 93
2719 92
2720 92
2721 93
2722 94
2723 93
2724 94
2725 122
2726 92
2727 94
2728 93
2729 94
2730 93
2731 92
2732 92
2733 94
2734 93
2735 93
2736 94
2737 93
2738 93
2739 97
2740 93
2741 92
2742 93
2743 95
2744 94
2745 93
2746 93
2747 93
2748 92
2749 93
2750 93
2751 95
2752 93
2753 93
2754 93
2755 92
2756 94
2757 93
2758 95
2759 92
2760 93
2761 93
2762 93
2763 92
2764 94
2765 95
2766 92
2767 93
2768 92
2769 93
2770 92
2771 94
2772 92
2773 94
2774 94
2775 93
2776 93
2777 93
2778 94
2779 93
2780 94
2781 95
2782 95
2783 94
2784 94
2785 92
2786 100
2787 93
2788 92
2789 93
2790 93
2791 94
2792 94
2793 94
2794 95
2795 93
2796 93
2797 93
2798 101
2799 93
2800 93
2801 93
2802 94
2803 94
2804 92
2805 93
2806 92
2807 93
2808 93
2809 93
2810 93
2811 93
2812 93
2813 93
2814 93
2815 93
2816 92
2817 94
2818 93
2819 92
2820 94
2821 94
2822 92
2823 93
2824 95
2825 95
2826 93
2827 93
2828 92
2829 94
2830 94
2831 93
2832 93
2833 93
2834 93
2835 92
2836 91
2837 95
2838 93
2839 93
2840 94
2841 94
2842 93
2843 95
2844 92
2845 96
2846 92
2847 94
2848 94
2849 93
2850 93
2851 93
2852 92
2853 94
2854 93
2855 94
2856 93
2857 101
2858 94
2859 94
2860 92
2861 99
2862 93
2863 95
2864 92
2865 93
2866 94
2867 95
2868 92
2869 94
2870 92
2871 93
2872 93
2873 94
2874 93
2875 92
2876 93
2877 93
2878 93
2879 92
2880 92
2881 93
2882 91
2883 94
2884 96
2885 93
2886 94
2887 93
2888 92
2889 93
2890 94
2891 94
2892 92
2893 96
2894 97
2895 108
2896 93
2897 93
2898 94
2899 94
2900 94
2901 93
2902 94
2903 95
2904 98
2905 94
2906 92
2907 96
2908 94
2909 92
2910 92
2911 95
2912 95
2913 93
2914 93
2915 93
2916 92
2917 92
2918 92
2919 93
2920 91
2921 94
2922 93
2923 92
2924 93
2925 92
2926 93
2927 93
2928 91
2929 93
2930 98
2931 93
2932 92
2933 93
2934 92
2935 93
2936 93
2937 92
2938 94
2939 92
2940 92
2941 93
2942 92
2943 93
2944 93
2945 96
2946 93
2947 93
2948 93
2949 92
2950 93
2951 92
2952 93
2953 92
2954 93
2955 93
2956 93
2957 93
2958 93
2959 93
2960 94
2961 93
2962 93
2963 93
2964 93
2965 95
2966 92
2967 93
2968 93
2969 92
2970 93
2971 94
2972 94
2973 92
2974 94
2975 101
2976 99
2977 93
2978 94
2979 93
2980 92
2981 92
2982 93
2983 94
2984 93
2985 92
2986 94
2987 97
2988 94
2989 93
2990 92
2991 93
2992 94
2993 92
2994 93
2995 93
2996 92
2997 94
2998 93
2999 92
3000 94
3001 93
3002 92
3003 93
3004 93
3005 93
3006 93
3007 94
3008 92
3009 92
3010 93
3011 92
3012 95
3013 93
3014 93
3015 94
3016 94
3017 94
3018 95
3019 93
3020 95
3021 93
3022 94
3023 92
3024 93
3025 94
3026 92
3027 94
3028 94
3029 93
3030 93
3031 91
3032 94
3033 93
3034 97
3035 93
3036 93
3037 94
3038 92
3039 93
3040 91
3041 93
3042 92
3043 94
3044 93
3045 94
3046 98
3047 93
3048 94
3049 92
3050 93
3051 93
3052 94
3053 94
3054 94
3055 94
3056 94
3057 91
3058 93
3059 93
3060 92
3061 92
3062 97
3063 93
3064 93
3065 94
3066 93
3067 94
3068 92
3069 93
3070 93
3071 91
3072 93
3073 93
3074 93
3075 93
3076 94
3077 93
3078 93
3079 95
3080 93
3081 93
3082 92
3083 91
3084 94
3085 91
3086 91
3087 94
3088 93
3089 93
3090 91
3091 93
3092 93
3093 93
3094 93
3095 92
3096 94
3097 93
3098 95
3099 93
3100 92
3101 91
3102 93
3103 94
3104 93
3105 98
3106 94
3107 93
3108 94
3109 93
3110 92
3111 93
3112 94
3113 93
3114 95
3115 94
3116 94
3117 99
3118 93
3119 95
3120 93
3121 92
3122 92
3123 93
3124 94
3125 92
3126 94
3127 93
3128 94
3129 92
3130 93
3131 94
3132 93
3133 94
3134 94
3135 95
3136 94
3137 98
3138 93
3139 93
3140 94
3141 96
3142 95
3143 94
3144 94
3145 93
3146 94
3147 93
3148 95
3149 101
3150 104
3151 103
3152 93
3153 93
3154 94
3155 93
3156 93
3157 95
3158 99
3159 96
3160 94
3161 95
3162 92
3163 95
3164 97
3165 96
3166 97
3167 97
3168 93
3169 97
3170 95
3171 98
3172 95
3173 97
3174 100
3175 95
3176 95
3177 95
3178 92
3179 93
3180 92
3181 94
3182 93
3183 94
3184 91
3185 92
3186 93
3187 94
3188 94
3189 92
3190 94
3191 93
3192 92
3193 94
3194 121
3195 92
3196 93
3197 91
3198 93
3199 93
3200 96
3201 94
3202 93
3203 93
3204 93
3205 93
3206 94
3207 94
3208 93
3209 91
3210 93
3211 93
3212 93
3213 97
3214 93
3215 95
3216 96
3217 96
3218 95
3219 96
3220 96
3221 94
3222 93
3223 94
3224 94
3225 94
3226 93
3227 93
3228 94
3229 94
3230 92
3231 93
3232 94
3233 95
3234 93
3235 93
3236 94
3237 95
3238 94
3239 93
3240 93
3241 94
3242 92
3243 93
3244 98
3245 93
3246 93
3247 93
3248 96
3249 93
3250 93
3251 91
3252 94
3253 92
3254 92
3255 97
3256 98
3257 123
3258 97
3259 93
3260 93
3261 96
3262 96
3263 95
3264 94
3265 94
3266 95
3267 94
3268 98
3269 94
3270 92
3271 94
3272 94
3273 94
3274 94
3275 95
3276 93
3277 92
3278 94
3279 100
3280 95
3281 97
3282 95
3283 94
3284 95
3285 96
3286 95
3287 94
3288 94
3289 93
3290 95
3291 98
3292 93
3293 94
3294 94
3295 93
3296 93
3297 97
3298 94
3299 98
3300 96
3301 95
3302 99
3303 94
3304 92
3305 96
3306 95
3307 93
3308 93
3309 94
3310 94
3311 92
3312 96
3313 96
3314 96
3315 97
3316 94
3317 95
3318 94
3319 94
3320 98
3321 97
3322 96
3323 95
3324 94
3325 102
3326 97
3327 97
3328 95
3329 96
3330 94
3331 94
3332 93
3333 99
3334 94
3335 94
3336 97
3337 98
3338 97
3339 95
3340 94
3341 93
3342 95
3343 98
3344 98
3345 95
3346 95
3347 92
3348 97
3349 94
3350 93
3351 96
3352 96
3353 93
3354 93
3355 91
3356 95
3357 95
3358 93
3359 94
3360 95
3361 95
3362 95
3363 93
3364 93
3365 94
3366 95
3367 104
3368 127
3369 108
3370 98
3371 92
3372 95
3373 95
3374 97
3375 94
3376 94
3377 93
3378 91
3379 96
3380 97
3381 96
3382 95
3383 94
3384 94
3385 97
3386 94
3387 93
3388 93
3389 98
3390 99
3391 97
3392 96
3393 93
3394 93
3395 92
3396 92
3397 93
3398 93
3399 93
3400 94
3401 94
3402 94
3403 93
3404 93
3405 93
3406 94
3407 95
3408 94
3409 94
3410 92
3411 93
3412 95
3413 93
3414 94
3415 92
3416 104
3417 93
3418 109
3419 105
3420 106
3421 97
3422 94
3423 94
3424 94
3425 95
3426 93
3427 93
3428 94
3429 94
3430 92
3431 93
3432 94
3433 92
3434 95
3435 93
3436 94
3437 93
3438 98
3439 93
3440 93
3441 93
3442 94
3443 92
3444 93
3445 93
3446 97
3447 101
3448 92
3449 92
3450 95
3451 94
3452 94
3453 94
3454 92
3455 93
3456 92
3457 93
3458 94
3459 94
3460 93
3461 93
3462 91
3463 93
3464 93
3465 97
3466 94
3467 94
3468 92
3469 93
3470 94
3471 93
3472 95
3473 98
3474 93
3475 93
3476 93
3477 93
3478 93
3479 93
3480 92
3481 93
3482 93
3483 95
3484 92
3485 97
3486 93
3487 95
3488 94
3489 92
3490 95
3491 94
3492 95
3493 94
3494 94
3495 93
3496 94
3497 94
3498 93
3499 91
3500 94
3501 93
3502 92
3503 92
3504 93
3505 93
3506 93
3507 93
3508 92
3509 92
3510 94
3511 93
3512 93
3513 93
3514 93
3515 92
3516 93
3517 93
3518 93
3519 93
3520 93
3521 93
3522 94
3523 94
3524 93
3525 94
3526 92
3527 94
3528 93
3529 93
3530 94
3531 93
3532 96
3533 93
3534 92
3535 93
3536 94
3537 93
3538 94
3539 93
3540 92
3541 93
3542 92
3543 93
3544 92
3545 94
3546 94
3547 92
3548 94
3549 92
3550 93
3551 93
3552 94
3553 94
3554 92
3555 95
3556 94
3557 91
3558 93
3559 94
3560 92
3561 93
3562 92
3563 93
3564 93
3565 93
3566 93
3567 93
3568 94
3569 95
3570 94
3571 92
3572 93
3573 95
3574 94
3575 93
3576 93
3577 93
3578 91
3579 95
3580 93
3581 92
3582 96
3583 94
3584 93
3585 93
3586 94
3587 91
3588 94
3589 93
3590 93
3591 99
3592 94
3593 91
3594 93
3595 92
3596 94
3597 93
3598 93
3599 93
3600 93
3601 93
3602 93
3603 97
3604 92
3605 91
3606 93
3607 93
3608 93
3609 92
3610 94
3611 94
3612 91
3613 93
3614 92
3615 92
3616 95
3617 93
3618 94
3619 93
3620 93
3621 93
3622 91
3623 94
3624 93
3625 93
3626 94
3627 94
3628 92
3629 94
3630 91
3631 93
3632 94
3633 93
3634 92
3635 93
3636 92
3637 93
3638 93
3639 93
3640 93
3641 94
3642 91
3643 93
3644 93
3645 93
3646 92
3647 93
3648 94
3649 93
3650 99
3651 92
3652 93
3653 94
3654 93
3655 93
3656 94
3657 93
3658 93
3659 93
3660 94
3661 92
3662 97
3663 95
3664 92
3665 93
3666 94
3667 97
3668 94
3669 93
3670 94
3671 94
3672 95
3673 93
3674 95
3675 96
3676 94
3677 92
3678 94
3679 94
3680 94
3681 92
3682 93
3683 94
3684 92
3685 93
3686 95
3687 93
3688 94
3689 94
3690 92
3691 94
3692 93
3693 92
3694 96
3695 93
3696 93
3697 92
3698 95
3699 93
3700 93
3701 93
3702 93
3703 92
3704 95
3705 94
3706 93
3707 94
3708 92
3709 100
3710 94
3711 92
3712 92
3713 94
3714 92
3715 92
3716 94
3717 94
3718 93
3719 95
3720 92
3721 94
3722 94
3723 93
3724 93
3725 93
3726 92
3727 93
3728 92
3729 92
3730 92
3731 92
3732 93
3733 93
3734 95
3735 93
3736 94
3737 94
3738 92
3739 92
3740 92
3741 93
3742 94
3743 93
3744 92
3745 95
3746 92
3747 93
3748 93
3749 92
3750 92
3751 92
3752 95
3753 95
3754 95
3755 93
3756 93
3757 92
3758 94
3759 92
3760 98
3761 93
3762 94
3763 93
3764 93
3765 94
3766 93
3767 93
3768 98
3769 93
3770 91
3771 94
3772 93
3773 94
3774 92
3775 94
3776 93
3777 93
3778 94
3779 95
3780 93
3781 93
3782 92
3783 94
3784 92
3785 92
3786 92
3787 94
3788 94
3789 102
3790 93
3791 102
3792 92
3793 95
3794 92
3795 91
3796 94
3797 91
3798 94
3799 94
3800 92
3801 93
3802 93
3803 93
3804 93
3805 93
3806 93
3807 92
3808 92
3809 92
3810 92
3811 92
3812 95
3813 93
3814 96
3815 92
3816 94
3817 93
3818 94
3819 93
3820 94
3821 92
3822 92
3823 94
3824 95
3825 93
3826 95
3827 91
3828 94
3829 94
3830 93
3831 93
3832 93
3833 92
3834 92
3835 94
3836 94
3837 92
3838 92
3839 95
3840 93
3841 92
3842 94
3843 93
3844 94
3845 92
3846 93
3847 92
3848 92
3849 92
3850 93
3851 93
3852 94
3853 94
3854 93
3855 95
3856 95
3857 92
3858 93
3859 93
3860 92
3861 94
3862 92
3863 92
3864 94
3865 93
3866 91
3867 94
3868 93
3869 92
3870 94
3871 92
3872 93
3873 93
3874 93
3875 93
3876 95
3877 92
3878 93
3879 92
3880 94
3881 92
3882 92
3883 94
3884 93
3885 93
3886 92
3887 92
3888 94
3889 94
3890 94
3891 93
3892 93
3893 92
3894 92
3895 93
3896 92
3897 94
3898 92
3899 92
3900 93
3901 94
3902 93
3903 95
3904 93
3905 91
3906 94
3907 92
3908 93
3909 93
3910 92
3911 93
3912 92
3913 94
3914 93
3915 93
3916 92
3917 93
3918 93
3919 95
3920 92
3921 92
3922 92
3923 93
3924 92
3925 93
3926 92
3927 93
3928 93
3929 93
3930 91
3931 92
3932 93
3933 92
3934 93
3935 94
3936 95
3937 94
3938 92
3939 93
3940 93
3941 92
3942 97
3943 92
3944 92
3945 92
3946 94
3947 93
3948 93
3949 93
3950 92
3951 93
3952 92
3953 94
3954 93
3955 94
3956 92
3957 92
3958 94
3959 94
3960 92
3961 92
3962 93
3963 93
3964 93
3965 97
3966 92
3967 94
3968 92
3969 94
3970 94
3971 93
3972 95
3973 92
3974 93
3975 91
3976 94
3977 94
3978 92
3979 93
3980 92
3981 93
3982 93
3983 92
3984 93
3985 93
3986 92
3987 92
3988 96
3989 92
3990 94
3991 93
3992 93
3993 94
3994 94
3995 93
3996 93
3997 93
3998 93
3999 92
4000 93
4001 92
4002 92
4003 92
4004 92
4005 91
4006 90
4007 93
4008 91
4009 94
4010 94
4011 97
4012 92
4013 93
4014 93
4015 93
4016 97
4017 95
4018 94
4019 94
4020 94
4021 95
4022 92
4023 92
4024 95
4025 95
4026 92
4027 93
4028 95
4029 93
4030 93
4031 93
4032 92
4033 93
4034 93
4035 94
4036 93
4037 93
4038 96
4039 94
4040 95
4041 91
4042 93
4043 91
4044 94
4045 94
4046 99
4047 92
4048 92
4049 94
4050 93
4051 92
4052 94
4053 91
4054 92
4055 95
4056 92
4057 95
4058 94
4059 93
4060 95
4061 92
4062 93
4063 93
4064 92
4065 93
4066 93
4067 92
4068 94
4069 98
4070 92
4071 93
4072 95
4073 94
4074 92
4075 94
4076 92
4077 93
4078 94
4079 94
4080 93
4081 93
4082 94
4083 93
4084 94
4085 92
4086 94
4087 94
4088 92
4089 93
4090 94
4091 92
4092 99
4093 93
4094 93
4095 91
4096 94
4097 94
4098 92
4099 93
4100 93
4101 93
4102 93
4103 93
4104 92
4105 95
4106 92
4107 94
4108 92
4109 93
4110 93
4111 93
4112 92
4113 93
4114 95
4115 97
4116 93
4117 94
4118 93
4119 92
4120 91
4121 94
4122 94
4123 93
4124 92
4125 94
4126 94
4127 93
4128 93
4129 94
4130 92
4131 93
4132 93
4133 94
4134 93
4135 94
4136 92
4137 93
4138 98
4139 93
4140 95
4141 91
4142 93
4143 92
4144 92
4145 92
4146 94
4147 92
4148 92
4149 93
4150 93
4151 94
4152 106
4153 105
4154 101
4155 109
4156 107
4157 108
4158 107
4159 106
4160 97
4161 95
4162 96
4163 93
4164 92
4165 92
4166 91
4167 92
4168 93
4169 92
4170 95
4171 92
4172 95
4173 93
4174 92
4175 93
4176 93
4177 94
4178 93
4179 94
4180 93
4181 93
4182 98
4183 95
4184 94
4185 95
4186 94
4187 94
4188 94
4189 92
4190 92
4191 94
4192 104
4193 111
4194 103
4195 98
4196 97
4197 94
4198 94
4199 96
4200 96
4201 99
4202 97
4203 98
4204 97
4205 95
4206 96
4207 95
4208 94
4209 93
4210 93
4211 95
4212 97
4213 96
4214 95
4215 94
4216 93
4217 93
4218 97
4219 98
4220 100
4221 101
4222 97
4223 93
4224 96
4225 94
4226 96
4227 102
4228 95
4229 95
4230 94
4231 93
4232 94
4233 93
4234 95
4235 92
4236 92
4237 93
4238 91
4239 94
4240 96
4241 93
4242 93
4243 94
4244 93
4245 93
4246 92
4247 92
4248 96
4249 93
4250 93
4251 93
4252 91
4253 94
4254 93
4255 93
4256 92
4257 93
4258 93
4259 94
4260 94
4261 94
4262 95
4263 93
4264 94
4265 95
4266 95
4267 94
4268 95
4269 93
4270 95
4271 92
4272 94
4273 92
4274 93
4275 94
4276 94
4277 94
4278 93
4279 93
4280 93
4281 93
4282 92
4283 94
4284 100
4285 94
4286 94
4287 92
4288 91
4289 92
4290 92
4291 92
4292 94
4293 93
4294 93
4295 94
4296 91
4297 93
4298 92
4299 93
4300 94
4301 94
4302 94
4303 94
4304 93
4305 93
4306 94
4307 99
4308 93
4309 94
4310 91
4311 92
4312 93
4313 95
4314 94
4315 92
4316 94
4317 94
4318 93
4319 92
4320 92
4321 92
4322 94
4323 94
4324 93
4325 94
4326 93
4327 92
4328 92
4329 93
4330 93
4331 92
4332 94
4333 93
4334 93
4335 93
4336 92
4337 93
4338 95
4339 94
4340 92
4341 92
4342 94
4343 94
4344 92
4345 93
4346 90
4347 94
4348 92
4349 93
4350 94
4351 93
4352 95
4353 94
4354 98
4355 93
4356 93
4357 93
4358 93
4359 94
4360 92
4361 95
4362 94
4363 93
4364 95
4365 92
4366 93
4367 93
4368 98
4369 92
4370 93
4371 92
4372 94
4373 93
4374 93
4375 91
4376 93
4377 92
4378 93
4379 94
4380 94
4381 92
4382 93
4383 94
4384 94
4385 92
4386 91
4387 94
4388 95
4389 93
4390 95
4391 94
4392 93
4393 93
4394 92
4395 93
4396 92
4397 93
4398 92
4399 93
4400 94
4401 92
4402 93
4403 92
4404 93
4405 93
4406 93
4407 92
4408 92
4409 92
4410 93
4411 94
4412 93
4413 93
4414 92
4415 93
4416 95
4417 94
4418 92
4419 92
4420 93
4421 93
4422 92
4423 94
4424 94
4425 94
4426 93
4427 93
4428 94
4429 92
4430 94
4431 93
4432 92
4433 93
4434 94
4435 92
4436 92
4437 97
4438 95
4439 93
4440 91
4441 93
4442 93
4443 94
4444 93
4445 94
4446 94
4447 91
4448 92
4449 94
4450 92
4451 94
4452 92
4453 94
4454 95
4455 94
4456 94
4457 93
4458 94
4459 95
4460 93
4461 93
4462 92
4463 94
4464 93
4465 93
4466 93
4467 92
4468 93
4469 94
4470 92
4471 92
4472 92
4473 93
4474 92
4475 94
4476 93
4477 94
4478 93
4479 93
4480 94
4481 93
4482 93
4483 93
4484 97
4485 93
4486 93
4487 93
4488 94
4489 93
4490 92
4491 94
4492 93
4493 93
4494 93
4495 93
4496 95
4497 95
4498 92
4499 93
4500 92
4501 92
4502 93
4503 94
4504 92
4505 91
4506 92
4507 93
4508 97
4509 92
4510 93
4511 92
4512 93
4513 96
4514 93
4515 93
4516 92
4517 93
4518 94
4519 93
4520 93
4521 93
4522 94
4523 91
4524 92
4525 92
4526 95
4527 92
4528 93
4529 93
4530 92
4531 93
4532 95
4533 95
4534 94
4535 93
4536 93
4537 95
4538 94
4539 94
4540 95
4541 96
4542 96
4543 103
4544 96
4545 95
4546 94
4547 93
4548 95
4549 94
4550 93
4551 94
4552 92
4553 95
4554 93
4555 95
4556 98
4557 94
4558 97
4559 96
4560 95
4561 98
4562 95
4563 94
4564 94
4565 94
4566 97
4567 94
4568 93
4569 94
4570 93
4571 92
4572 93
4573 96
4574 97
4575 96
4576 95
4577 95
4578 94
4579 94
4580 96
4581 93
4582 93
4583 94
4584 98
4585 96
4586 93
4587 93
4588 95
4589 103
4590 96
4591 94
4592 93
4593 93
4594 94
4595 96
4596 97
4597 95
4598 94
4599 97
4600 95
4601 95
4602 97
4603 96
4604 93
4605 97
4606 96
4607 93
4608 95
4609 97
4610 93
4611 96
4612 100
4613 96
4614 94
4615 94
4616 92
4617 94
4618 93
4619 93
4620 92
4621 95
4622 93
4623 93
4624 93
4625 94
4626 94
4627 94
4628 95
4629 97
4630 94
4631 96
4632 95
4633 93
4634 94
4635 94
4636 95
4637 97
4638 96
4639 96
4640 94
4641 96
4642 97
4643 95
4644 93
4645 93
4646 97
4647 98
4648 98
4649 96
4650 95
4651 96
4652 95
4653 96
4654 96
4655 95
4656 95
4657 92
4658 94
4659 97
4660 94
4661 97
4662 96
4663 95
4664 97
4665 94
4666 92
4667 94
4668 93
4669 98
4670 97
4671 95
4672 95
4673 93
4674 96
4675 95
4676 94
4677 93
4678 97
4679 96
4680 94
4681 94
4682 92
4683 96
4684 93
4685 95
4686 95
4687 95
4688 94
4689 92
4690 94
4691 95
4692 95
4693 95
4694 93
4695 98
4696 95
4697 94
4698 92
4699 94
4700 94
4701 95
4702 97
4703 96
4704 94
4705 95
4706 95
4707 93
4708 94
4709 97
4710 97
4711 93
4712 93
4713 92
4714 100
4715 96
4716 95
4717 95
4718 93
4719 95
4720 92
4721 96
4722 97
4723 95
4724 95
4725 96
4726 94
4727 98
4728 94
4729 95
4730 92
4731 94
4732 95
4733 97
4734 96
4735 96
4736 93
4737 97
4738 95
4739 96
4740 98
4741 97
4742 93
4743 91
4744 93
4745 98
4746 95
4747 93
4748 94
4749 98
4750 102
4751 97
4752 93
4753 94
4754 96
4755 95
4756 97
4757 94
4758 94
4759 96
4760 92
4761 96
4762 96
4763 93
4764 98
4765 96
4766 96
4767 96
4768 94
4769 94
4770 94
4771 96
4772 96
4773 98
4774 93
4775 98
4776 93
4777 97
4778 94
4779 94
4780 94
4781 95
4782 94
4783 97
4784 96
4785 93
4786 93
4787 94
4788 97
4789 96
4790 94
4791 93
4792 98
4793 94
4794 97
4795 93
4796 99
4797 98
4798 97
4799 95
4800 91
4801 94
4802 93
4803 93
4804 98
4805 97
4806 96
4807 95
4808 95
4809 93
4810 95
4811 98
4812 96
4813 98
4814 93
4815 95
4816 92
4817 94
4818 97
4819 102
4820 96
4821 99
4822 97
4823 92
4824 92
4825 96
4826 97
4827 94
4828 93
4829 95
4830 94
4831 95
4832 96
4833 96
4834 97
4835 94
4836 95
4837 93
4838 94
4839 97
4840 95
4841 95
4842 103
4843 95
4844 98
4845 94
4846 95
4847 92
4848 94
4849 91
4850 96
4851 93
4852 96
4853 96
4854 94
4855 93
4856 98
4857 98
4858 99
4859 97
4860 98
4861 96
4862 97
4863 94
4864 95
4865 99
4866 93
4867 96
4868 96
4869 95
4870 93
4871 93
4872 95
4873 97
4874 95
4875 93
4876 93
4877 96
4878 97
4879 95
4880 95
4881 93
4882 95
4883 96
4884 97
4885 94
4886 95
4887 97
4888 103
4889 97
4890 95
4891 97
4892 94
4893 95
4894 95
4895 94
4896 95
4897 95
4898 94
4899 99
4900 95
4901 95
4902 97
4903 94
4904 91
4905 97
4906 93
4907 96
4908 95
4909 94
4910 96
4911 102
4912 94
4913 93
4914 94
4915 93
4916 94
4917 98
4918 96
4919 95
4920 97
4921 95
4922 95
4923 93
4924 95
4925 97
4926 95
4927 93
4928 94
4929 95
4930 94
4931 94
4932 93
4933 93
4934 98
4935 94
4936 95
4937 96
4938 95
4939 93
4940 93
4941 94
4942 95
4943 94
4944 95
4945 96
4946 96
4947 98
4948 95
4949 96
4950 103
4951 96
4952 94
4953 95
4954 96
4955 98
4956 96
4957 100
4958 95
4959 93
4960 93
4961 95
4962 94
4963 93
4964 92
4965 94
4966 94
4967 93
4968 94
4969 92
4970 92
4971 92
4972 94
4973 93
4974 93
4975 94
4976 95
4977 93
4978 93
4979 93
4980 97
4981 95
4982 93
4983 92
4984 94
4985 91
4986 93
4987 92
4988 93
4989 92
4990 93
4991 94
4992 93
4993 94
4994 93
4995 92
4996 95
4997 92
4998 93
4999 92
5000 94
5001 93
5002 93
5003 94
5004 98
5005 93
5006 91
5007 93
5008 94
5009 94
5010 94
5011 93
5012 92
5013 93
5014 93
5015 95
5016 97
5017 93
5018 92
5019 94
5020 93
5021 94
5022 92
5023 91
5024 93
5025 94
5026 95
5027 92
5028 93
5029 94
5030 92
5031 96
5032 93
5033 93
5034 92
5035 94
5036 94
5037 93
5038 92
5039 93
5040 93
5041 93
5042 92
5043 96
5044 94
5045 94
5046 94
5047 94
5048 91
5049 92
5050 93
5051 94
5052 94
5053 94
5054 93
5055 94
5056 92
5057 92
5058 93
5059 93
5060 92
5061 94
5062 91
5063 96
5064 93
5065 93
5066 101
5067 95
5068 94
5069 94
5070 95
5071 95
5072 94
5073 91
5074 94
5075 93
5076 93
5077 93
5078 93
5079 93
5080 93
5081 93
5082 94
5083 92
5084 93
5085 95
5086 92
5087 93
5088 93
5089 93
5090 94
5091 94
5092 93
5093 94
5094 94
5095 93
5096 94
5097 94
5098 93
5099 93
5100 94
5101 94
5102 94
5103 93
5104 94
5105 93
5106 93
5107 94
5108 93
5109 93
5110 93
5111 94
5112 93
5113 94
5114 94
5115 96
5116 93
5117 93
5118 93
5119 93
5120 93
5121 93
5122 98
5123 93
5124 94
5125 95
5126 93
5127 93
5128 95
5129 92
5130 94
5131 92
5132 94
5133 93
5134 96
5135 93
5136 93
5137 93
5138 95
5139 95
5140 92
5141 93
5142 93
5143 93
5144 92
5145 93
5146 95
5147 94
5148 92
5149 93
5150 92
5151 93
5152 95
5153 96
5154 92
5155 94
5156 93
5157 94
5158 94
5159 94
5160 92
5161 94
5162 97
5163 95
5164 92
5165 93
5166 94
5167 93
5168 93
5169 93
5170 95
5171 93
5172 93
5173 93
5174 93
5175 96
5176 93
5177 93
5178 94
5179 95
5180 93
5181 101
5182 93
5183 93
5184 94
5185 94
5186 92
5187 92
5188 93
5189 93
5190 91
5191 94
5192 94
5193 98
5194 93
5195 94
5196 92
5197 93
5198 93
5199 93
5200 93
5201 93
5202 93
5203 93
5204 93
5205 94
5206 94
5207 93
5208 94
5209 95
5210 96
5211 94
5212 95
5213 93
5214 94
5215 93
5216 97
5217 96
5218 93
5219 96
5220 98
5221 94
5222 96
5223 96
5224 94
5225 94
5226 94
5227 97
5228 93
5229 95
5230 95
5231 97
5232 97
5233 96
5234 98
5235 93
5236 96
5237 96
5238 96
5239 103
5240 94
5241 93
5242 93
5243 96
5244 96
5245 94
5246 92
5247 94
5248 94
5249 96
5250 96
5251 97
5252 96
5253 95
5254 96
5255 94
5256 93
5257 96
5258 94
5259 93
5260 95
5261 94
5262 101
5263 94
5264 96
5265 92
5266 94
5267 97
5268 95
5269 97
5270 94
5271 93
5272 94
5273 94
5274 96
5275 96
5276 94
5277 95
5278 98
5279 96
5280 96
5281 95
5282 97
5283 95
5284 95
5285 97
5286 93
5287 93
5288 94
5289 93
5290 97
5291 94
5292 93
5293 95
5294 96
5295 93
5296 91
5297 94
5298 95
5299 93
5300 94
5301 92
5302 97
5303 93
5304 98
5305 95
5306 96
5307 93
5308 98
5309 96
5310 97
5311 94
5312 97
5313 96
5314 98
5315 95
5316 95
5317 93
5318 94
5319 94
5320 94
5321 92
5322 96
5323 97
5324 98
5325 97
5326 95
5327 96
5328 92
5329 93
5330 94
5331 98
5332 97
5333 97
5334 96
5335 98
5336 95
5337 94
5338 93
5339 94
5340 93
5341 93
5342 93
5343 95
5344 93
5345 93
5346 93
5347 94
5348 93
5349 97
5350 93
5351 93
5352 92
5353 92
5354 93
5355 94
5356 93
5357 92
5358 93
5359 93
5360 94
5361 93
5362 94
5363 92
5364 92
5365 92
5366 93
5367 94
5368 93
5369 93
5370 92
5371 92
5372 92
5373 93
5374 93
5375 93
5376 94
5377 91
5378 93
5379 91
5380 93
5381 94
5382 94
5383 93
5384 94
5385 95
5386 93
5387 93
5388 93
5389 94
5390 95
5391 93
5392 93
5393 94
5394 92
5395 95
5396 94
5397 95
5398 93
5399 93
5400 91
5401 93
5402 97
5403 92
5404 93
5405 95
5406 95
5407 94
5408 93
5409 94
5410 93
5411 95
5412 91
5413 94
5414 100
5415 93
5416 93
5417 92
5418 94
5419 92
5420 93
5421 92
5422 94
5423 94
5424 94
5425 92
5426 93
5427 92
5428 92
5429 93
5430 93
5431 93
5432 93
5433 93
5434 93
5435 93
5436 93
5437 93
5438 93
5439 92
5440 92
5441 92
5442 94
5443 93
5444 94
5445 93
5446 92
5447 95
5448 94
5449 94
5450 93
5451 94
5452 93
5453 93
5454 92
5455 93
5456 93
5457 94
5458 94
5459 94
5460 97
5461 96
5462 93
5463 95
5464 93
5465 94
5466 92
5467 93
5468 94
5469 94
5470 91
5471 91
5472 93
5473 98
5474 92
5475 93
5476 92
5477 92
5478 93
5479 94
5480 93
5481 93
5482 93
5483 93
5484 92
5485 99
5486 94
5487 93
5488 93
5489 92
5490 94
5491 94
5492 92
5493 96
5494 92
5495 94
5496 93
5497 94
5498 92
5499 93
5500 94
5501 100
5502 94
5503 95
5504 95
5505 93
5506 92
5507 92
5508 92
5509 93
5510 93
5511 94
5512 93
5513 95
5514 94
5515 92
5516 93
5517 94
5518 94
5519 93
5520 93
5521 95
5522 94
5523 94
5524 93
5525 94
5526 92
5527 92
5528 92
5529 93
5530 93
5531 94
5532 97
5533 93
5534 92
5535 93
5536 92
5537 91
5538 93
5539 92
5540 92
5541 93
5542 92
5543 93
5544 97
5545 95
5546 92
5547 94
5548 95
5549 94
5550 95
5551 94
5552 92
5553 93
5554 93
5555 92
5556 93
5557 94
5558 100
5559 94
5560 93
5561 92
5562 95
5563 92
5564 93
5565 92
5566 92
5567 93
5568 94
5569 93
5570 93
5571 94
5572 92
5573 93
5574 93
5575 93
5576 92
5577 93
5578 92
5579 93
5580 93
5581 93
5582 93
5583 94
5584 93
5585 94
5586 94
5587 99
5588 92
5589 94
5590 94
5591 103
5592 93
5593 93
5594 93
5595 94
5596 93
5597 92
5598 92
5599 92
5600 95
5601 92
5602 92
5603 92
5604 94
5605 95
5606 93
5607 93
5608 93
5609 92
5610 93
5611 93
5612 93
5613 93
5614 92
5615 94
5616 95
5617 92
5618 97
5619 93
5620 93
5621 93
5622 92
5623 93
5624 96
5625 94
5626 93
5627 94
5628 92
5629 92
5630 93
5631 94
5632 94
5633 95
5634 94
5635 92
5636 94
5637 93
5638 100
5639 92
5640 93
5641 92
5642 95
5643 92
5644 93
5645 94
5646 94
5647 93
5648 93
5649 92
5650 99
5651 90
5652 91
5653 92
5654 92
5655 94
5656 93
5657 92
5658 93
5659 94
5660 95
5661 92
5662 94
5663 93
5664 93
5665 93
5666 94
5667 93
5668 93
5669 95
5670 91
5671 91
5672 92
5673 92
5674 93
5675 93
5676 93
5677 92
5678 92
5679 98
5680 93
5681 91
5682 94
5683 95
5684 93
5685 93
5686 93
5687 94
5688 93
5689 92
5690 94
5691 93
5692 93
5693 93
5694 93
5695 93
5696 93
5697 92
5698 93
5699 93
5700 93
5701 94
5702 92
5703 94
5704 93
5705 93
5706 93
5707 93
5708 91
5709 92
5710 91
5711 93
5712 93
5713 92
5714 92
5715 93
5716 93
5717 94
5718 93
5719 93
5720 92
5721 95
5722 93
5723 95
5724 93
5725 92
5726 93
5727 93
5728 93
5729 92
5730 92
5731 95
5732 93
5733 98
5734 93
5735 93
5736 100
5737 93
5738 93
5739 92
5740 95
5741 93
5742 93
5743 95
5744 92
5745 95
5746 92
5747 92
5748 92
5749 93
5750 95
5751 93
5752 94
5753 94
5754 94
5755 93
5756 94
5757 94
5758 93
5759 92
5760 90
5761 93
5762 94
5763 93
5764 93
5765 93
5766 93
5767 93
5768 93
5769 92
5770 93
5771 92
5772 100
5773 93
5774 94
5775 92
5776 93
5777 92
5778 94
5779 92
5780 93
5781 92
5782 92
5783 93
5784 92
5785 94
5786 93
5787 92
5788 93
5789 92
5790 92
5791 93
5792 100
5793 93
5794 93
5795 95
5796 93
5797 94
5798 92
5799 93
5800 94
5801 93
5802 94
5803 92
5804 101
5805 93
5806 93
5807 93
5808 93
5809 92
5810 91
5811 94
5812 94
5813 92
5814 93
5815 95
5816 93
5817 93
5818 93
5819 92
5820 92
5821 94
5822 93
5823 92
5824 93
5825 94
5826 93
5827 92
5828 92
5829 94
5830 93
5831 93
5832 97
5833 93
5834 93
5835 93
5836 94
5837 93
5838 93
5839 92
5840 92
5841 94
5842 93
5843 92
5844 95
5845 93
5846 92
5847 93
5848 93
5849 92
5850 92
5851 93
5852 92
5853 93
5854 93
5855 92
5856 93
5857 93
5858 94
5859 93
5860 94
5861 93
5862 92
5863 100
5864 93
5865 94
5866 94
5867 92
5868 93
5869 94
5870 94
5871 94
5872 94
5873 94
5874 96
5875 94
5876 96
5877 94
5878 125
5879 93
5880 93
5881 92
5882 93
5883 93
5884 92
5885 93
5886 93
5887 94
5888 93
5889 95
5890 92
5891 93
5892 93
5893 93
5894 94
5895 93
5896 93
5897 93
5898 100
5899 94
5900 93
5901 95
5902 92
5903 92
5904 92
5905 93
5906 93
5907 93
5908 93
5909 94
5910 97
5911 120
5912 93
5913 95
5914 93
5915 93
5916 94
5917 93
5918 93
5919 94
5920 93
5921 93
5922 95
5923 93
5924 93
5925 93
5926 93
5927 92
5928 92
5929 92
5930 94
5931 93
5932 95
5933 93
5934 93
5935 93
5936 92
5937 94
5938 93
5939 94
5940 93
5941 93
5942 95
5943 93
5944 94
5945 94
5946 94
5947 99
5948 93
5949 95
5950 95
5951 123
5952 93
5953 94
5954 95
5955 90
5956 93
5957 95
5958 94
5959 93
5960 92
5961 93
5962 93
5963 93
5964 91
5965 94
5966 93
5967 94
5968 95
5969 96
5970 96
5971 94
5972 93
5973 93
5974 93
5975 91
5976 91
5977 92
5978 95
5979 93
5980 93
5981 96
5982 95
5983 92
5984 93
5985 121
5986 92
5987 94
5988 95
5989 91
5990 92
5991 92
5992 98
5993 93
5994 92
5995 92
5996 92
5997 95
5998 95
5999 94
6000 93
6001 92
6002 93
6003 95
6004 93
6005 93
6006 93
6007 94
6008 93
6009 92
6010 93
6011 93
6012 92
6013 93
6014 95
6015 95
6016 93
6017 93
6018 92
6019 93
6020 93
6021 95
6022 93
6023 92
6024 93
6025 91
6026 92
6027 93
6028 92
6029 93
6030 94
6031 94
6032 92
6033 91
6034 93
6035 93
6036 92
6037 93
6038 95
6039 93
6040 93
6041 94
6042 93
6043 93
6044 92
6045 94
6046 95
6047 92
6048 93
6049 95
6050 93
6051 98
6052 91
6053 93
6054 93
6055 94
6056 94
6057 92
6058 94
6059 92
6060 91
6061 93
6062 93
6063 98
6064 92
6065 91
6066 95
6067 93
6068 93
6069 92
6070 93
6071 93
6072 92
6073 92
6074 93
6075 97
6076 93
6077 92
6078 93
6079 92
6080 92
6081 91
6082 92
6083 92
6084 93
6085 94
6086 93
6087 93
6088 94
6089 94
6090 93
6091 97
6092 92
6093 94
6094 95
6095 93
6096 92
6097 92
6098 93
6099 94
6100 93
6101 93
6102 95
6103 94
6104 92
6105 94
6106 92
6107 95
6108 93
6109 92
6110 93
6111 94
6112 94
6113 95
6114 93
6115 94
6116 95
6117 94
6118 94
6119 93
6120 94
6121 93
6122 95
6123 94
6124 92
6125 94
6126 94
6127 94
6128 93
6129 93
6130 93
6131 92
6132 94
6133 93
6134 97
6135 93
6136 92
6137 93
6138 92
6139 93
6140 93
6141 93
6142 94
6143 92
6144 94
6145 95
6146 98
6147 93
6148 97
6149 94
6150 96
6151 93
6152 92
6153 93
6154 93
6155 93
6156 93
6157 94
6158 93
6159 96
6160 93
6161 91
6162 92
6163 92
6164 93
6165 93
6166 94
6167 94
6168 91
6169 93
6170 95
6171 94
6172 92
6173 93
6174 92
6175 93
6176 94
6177 94
6178 95
6179 94
6180 93
6181 93
6182 92
6183 93
6184 94
6185 91
6186 94
6187 92
6188 92
6189 93
6190 93
6191 94
6192 92
6193 98
6194 94
6195 93
6196 93
6197 93
6198 92
6199 92
6200 95
6201 94
6202 95
6203 94
6204 93
6205 99
6206 94
6207 93
6208 93
6209 96
6210 92
6211 93
6212 95
6213 92
6214 93
6215 91
6216 94
6217 92
6218 93
6219 95
6220 93
6221 95
6222 94
6223 94
6224 93
6225 92
6226 93
6227 93
6228 93
6229 93
6230 93
6231 92
6232 94
6233 93
6234 92
6235 93
6236 95
6237 96
6238 94
6239 93
6240 96
6241 92
6242 94
6243 91
6244 92
6245 92
6246 93
6247 92
6248 92
6249 92
6250 93
6251 94
6252 94
6253 92
6254 92
6255 94
6256 93
6257 95
6258 93
6259 93
6260 94
6261 92
6262 92
6263 92
6264 96
6265 93
6266 98
6267 93
6268 92
6269 93
6270 93
6271 92
6272 92
6273 94
6274 93
6275 93
6276 97
6277 93
6278 93
6279 93
6280 93
6281 94
6282 93
6283 93
6284 94
6285 94
6286 94
6287 91
6288 94
6289 93
6290 93
6291 94
6292 92
6293 95
6294 92
6295 93
6296 93
6297 94
6298 93
6299 93
6300 94
6301 93
6302 93
6303 92
6304 95
6305 93
6306 92
6307 92
6308 93
6309 93
6310 93
6311 92
6312 93
6313 92
6314 91
6315 93
6316 93
6317 93
6318 93
6319 94
6320 93
6321 92
6322 92
6323 97
6324 94
6325 94
6326 98
6327 94
6328 93
6329 91
6330 94
6331 94
6332 94
6333 93
6334 93
6335 95
6336 93
6337 93
6338 97
6339 94
6340 92
6341 93
6342 92
6343 93
6344 93
6345 93
6346 95
6347 93
6348 94
6349 92
6350 93
6351 94
6352 94
6353 92
6354 93
6355 93
6356 92
6357 92
6358 93
6359 94
6360 94
6361 93
6362 93
6363 95
6364 92
6365 94
6366 95
6367 93
6368 94
6369 94
6370 93
6371 92
6372 93
6373 94
6374 93
6375 93
6376 92
6377 94
6378 94
6379 93
6380 92
6381 92
6382 96
6383 92
6384 92
6385 94
6386 93
6387 94
6388 93
6389 94
6390 93
6391 93
6392 92
6393 92
6394 95
6395 97
6396 104
6397 94
6398 97
6399 95
6400 94
6401 93
6402 93
6403 92
6404 92
6405 93
6406 95
6407 94
6408 92
6409 93
6410 92
6411 93
6412 94
6413 93
6414 93
6415 93
6416 94
6417 97
6418 93
6419 94
6420 93
6421 93
6422 93
6423 93
6424 93
6425 94
6426 93
6427 94
6428 93
6429 97
6430 93
6431 94
6432 95
6433 94
6434 92
6435 94
6436 92
6437 92
6438 94
6439 92
6440 92
6441 93
6442 93
6443 96
6444 94
6445 93
6446 92
6447 94
6448 92
6449 92
6450 93
6451 93
6452 94
6453 92
6454 93
6455 93
6456 93
6457 93
6458 93
6459 93
6460 93
6461 93
6462 92
6463 93
6464 93
6465 95
6466 92
6467 93
6468 93
6469 94
6470 92
6471 93
6472 98
6473 96
6474 96
6475 95
6476 102
6477 93
6478 94
6479 93
6480 98
6481 93
6482 92
6483 93
6484 95
6485 94
6486 93
6487 93
6488 93
6489 97
6490 95
6491 95
6492 96
6493 96
6494 94
6495 94
6496 94
6497 94
6498 92
6499 104
6500 99
6501 97
6502 96
6503 98
6504 96
6505 92
6506 92
6507 93
6508 94
6509 92
6510 93
6511 93
6512 94
6513 92
6514 92
6515 94
6516 92
6517 92
6518 92
6519 93
6520 94
6521 93
6522 93
6523 92
6524 93
6525 94
6526 93
6527 92
6528 93
6529 95
6530 93
6531 93
6532 92
6533 95
6534 92
6535 92
6536 92
6537 92
6538 97
6539 93
6540 92
6541 93
6542 92
6543 93
6544 92
6545 94
6546 94
6547 94
6548 94
6549 93
6550 92
6551 92
6552 93
6553 94
6554 92
6555 94
6556 95
6557 93
6558 99
6559 93
6560 101
6561 93
6562 94
6563 93
6564 95
6565 93
6566 93
6567 93
6568 95
6569 94
6570 97
6571 96
6572 93
6573 95
6574 92
6575 93
6576 93
6577 95
6578 93
6579 93
6580 93
6581 93
6582 94
6583 93
6584 93
6585 94
6586 92
6587 93
6588 93
6589 93
6590 92
6591 93
6592 95
6593 93
6594 92
6595 93
6596 93
6597 94
6598 93
6599 93
6600 91
6601 93
6602 94
6603 92
6604 94
6605 92
6606 92
6607 95
6608 92
6609 92
6610 91
6611 94
6612 93
6613 92
6614 92
6615 93
6616 90
6617 95
6618 93
6619 94
6620 98
6621 95
6622 94
6623 94
6624 94
6625 93
6626 93
6627 93
6628 93
6629 93
6630 94
6631 92
6632 94
6633 94
6634 94
6635 95
6636 93
6637 95
6638 93
6639 92
6640 94
6641 92
6642 93
6643 95
6644 94
6645 94
6646 94
6647 93
6648 94
6649 93
6650 92
6651 93
6652 93
6653 93
6654 94
6655 93
6656 93
6657 94
6658 93
6659 92
6660 93
6661 94
6662 93
6663 92
6664 91
6665 93
6666 94
6667 93
6668 93
6669 96
6670 93
6671 94
6672 93
6673 93
6674 93
6675 92
6676 96
6677 93
6678 93
6679 93
6680 92
6681 95
6682 94
6683 93
6684 93
6685 93
6686 93
6687 93
6688 93
6689 96
6690 93
6691 92
6692 92
6693 95
6694 94
6695 93
6696 95
6697 94
6698 93
6699 95
6700 94
6701 94
6702 93
6703 95
6704 93
6705 93
6706 94
6707 95
6708 94
6709 94
6710 94
6711 93
6712 93
6713 93
6714 93
6715 93
6716 93
6717 95
6718 94
6719 94
6720 93
6721 92
6722 93
6723 98
6724 96
6725 93
6726 93
6727 94
6728 92
6729 92
6730 92
6731 93
6732 91
6733 92
6734 91
6735 99
6736 91
6737 94
6738 92
6739 93
6740 99
6741 96
6742 96
6743 94
6744 93
6745 93
6746 96
6747 96
6748 93
6749 95
6750 93
6751 95
6752 93
6753 94
6754 93
6755 99
6756 94
6757 95
6758 103
6759 96
6760 96
6761 96
6762 94
6763 95
6764 92
6765 94
6766 94
6767 92
6768 95
6769 94
6770 93
6771 97
6772 96
6773 93
6774 92
6775 92
6776 96
6777 93
6778 93
6779 94
6780 97
6781 100
6782 97
6783 95
6784 95
6785 96
6786 95
6787 95
6788 97
6789 94
6790 92
6791 92
6792 93
6793 94
6794 93
6795 93
6796 94
6797 93
6798 94
6799 94
6800 94
6801 92
6802 94
6803 92
6804 94
6805 94
6806 95
6807 93
6808 100
6809 92
6810 93
6811 93
6812 94
6813 94
6814 93
6815 91
6816 94
6817 92
6818 94
6819 95
6820 93
6821 95
6822 95
6823 96
6824 97
6825 96
6826 94
6827 95
6828 97
6829 92
6830 95
6831 92
6832 91
6833 92
6834 93
6835 92
6836 92
6837 93
6838 93
6839 93
6840 94
6841 93
6842 92
6843 93
6844 94
6845 92
6846 93
6847 94
6848 93
6849 93
6850 93
6851 94
6852 93
6853 95
6854 98
6855 95
6856 104
6857 100
6858 96
6859 100
6860 101
6861 122
6862 91
6863 93
6864 100
6865 105
6866 104
6867 101
6868 108
6869 111
6870 103
6871 104
6872 111
6873 105
6874 100
6875 96
6876 97
6877 95
6878 96
6879 96
6880 97
6881 96
6882 97
6883 104
6884 97
6885 96
6886 96
6887 95
6888 96
6889 94
6890 95
6891 94
6892 95
6893 96
6894 96
6895 107
6896 94
6897 94
6898 94
6899 95
6900 95
6901 94
6902 98
6903 95
6904 96
6905 95
6906 94
6907 94
6908 93
6909 102
6910 93
6911 92
6912 92
6913 93
6914 93
6915 92
6916 95
6917 94
6918 94
6919 95
6920 93
6921 94
6922 94
6923 91
6924 97
6925 95
6926 94
6927 94
6928 100
6929 106
6930 95
6931 93
6932 94
6933 91
6934 92
6935 93
6936 93
6937 93
6938 94
6939 94
6940 94
6941 92
6942 94
6943 92
6944 93
6945 93
6946 93
6947 93
6948 94
6949 92
6950 93
6951 93
6952 95
6953 92
6954 93
6955 93
6956 94
6957 92
6958 94
6959 94
6960 94
6961 91
6962 94
6963 92
6964 98
6965 120
6966 93
6967 93
6968 92
6969 99
6970 93
6971 93
6972 94
6973 93
6974 92
6975 91
6976 91
6977 97
6978 103
6979 112
6980 110
6981 111
6982 109
6983 110
6984 111
6985 113
6986 111
6987 109
6988 110
6989 109
6990 113
6991 110
6992 111
6993 109
6994 113
6995 112
6996 110
6997 111
6998 109
6999 110
7000 107
7001 97
7002 101
7003 110
7004 99
7005 95
7006 94
7007 95
7008 94
7009 93
7010 93
7011 93
7012 94
7013 91
7014 93
7015 93
7016 94
7017 97
7018 94
7019 93
7020 93
7021 94
7022 93
7023 92
7024 93
7025 91
7026 93
7027 93
7028 93
7029 93
7030 94
7031 93
7032 93
7033 94
7034 93
7035 94
7036 95
7037 95
7038 137
7039 93
7040 94
7041 93
7042 94
7043 93
7044 93
7045 94
7046 94
7047 94
7048 91
7049 94
7050 95
7051 92
7052 94
7053 93
7054 95
7055 92
7056 92
7057 92
7058 93
7059 94
7060 93
7061 94
7062 94
7063 93
7064 93
7065 93
7066 94
7067 93
7068 92
7069 92
7070 93
7071 93
7072 94
7073 93
7074 94
7075 92
7076 92
7077 95
7078 93
7079 93
7080 94
7081 93
7082 92
7083 92
7084 94
7085 99
7086 93
7087 94
7088 92
7089 93
7090 94
7091 92
7092 92
7093 92
7094 93
7095 92
7096 94
7097 97
7098 93
7099 93
7100 92
7101 92
7102 93
7103 92
7104 93
7105 94
7106 94
7107 94
7108 94
7109 92
7110 93
7111 93
7112 91
7113 94
7114 93
7115 94
7116 93
7117 92
7118 95
7119 92
7120 93
7121 94
7122 93
7123 94
7124 93
7125 93
7126 95
7127 93
7128 93
7129 96
7130 91
7131 93
7132 93
7133 93
7134 96
7135 95
7136 93
7137 93
7138 93
7139 93
7140 93
7141 92
7142 93
7143 92
7144 96
7145 94
7146 92
7147 94
7148 94
7149 94
7150 94
7151 93
7152 94
7153 93
7154 94
7155 94
7156 96
7157 93
7158 94
7159 108
7160 94
7161 101
7162 94
7163 92
7164 92
7165 95
7166 92
7167 94
7168 94
7169 92
7170 92
7171 93
7172 93
7173 93
7174 94
7175 94
7176 93
7177 94
7178 94
7179 111
7180 95
7181 94
7182 94
7183 101
7184 93
7185 94
7186 93
7187 92
7188 93
7189 93
7190 93
7191 93
7192 93
7193 94
7194 98
7195 94
7196 91
7197 92
7198 92
7199 94
7200 102
7201 93
7202 92
7203 93
7204 93
7205 92
7206 93
7207 93
7208 94
7209 93
7210 92
7211 94
7212 94
7213 94
7214 94
7215 94
7216 94
7217 94
7218 93
7219 93
7220 94
7221 94
7222 93
7223 91
7224 92
7225 93
7226 97
7227 92
7228 93
7229 95
7230 93
7231 93
7232 93
7233 93
7234 93
7235 94
7236 91
7237 93
7238 94
7239 93
7240 93
7241 92
7242 95
7243 94
7244 91
7245 95
7246 93
7247 94
7248 92
7249 93
7250 93
7251 94
7252 92
7253 91
7254 94
7255 92
7256 92
7257 93
7258 93
7259 94
7260 91
7261 94
7262 92
7263 93
7264 93
7265 94
7266 93
7267 92
7268 93
7269 93
7270 93
7271 93
7272 94
7273 97
7274 94
7275 93
7276 93
7277 95
7278 93
7279 95
7280 93
7281 93
7282 93
7283 93
7284 93
7285 97
7286 92
7287 93
7288 91
7289 93
7290 93
7291 94
7292 93
7293 92
7294 93
7295 92
7296 94
7297 96
7298 93
7299 92
7300 93
7301 92
7302 94
7303 93
7304 94
7305 93
7306 92
7307 94
7308 92
7309 94
7310 94
7311 93
7312 93
7313 92
7314 93
7315 92
7316 92
7317 93
7318 95
7319 92
7320 92
7321 95
7322 93
7323 94
7324 94
7325 92
7326 93
7327 93
7328 94
7329 92
7330 92
7331 94
7332 97
7333 93
7334 93
7335 103
7336 107
7337 98
7338 93
7339 93
7340 94
7341 93
7342 95
7343 93
7344 93
7345 94
7346 93
7347 93
7348 93
7349 94
7350 93
7351 95
7352 93
7353 91
7354 94
7355 93
7356 93
7357 93
7358 94
7359 93
7360 94
7361 93
7362 93
7363 93
7364 92
7365 91
7366 92
7367 96
7368 93
7369 93
7370 93
7371 94
7372 96
7373 92
7374 93
7375 94
7376 92
7377 94
7378 94
7379 98
7380 92
7381 93
7382 92
7383 93
7384 94
7385 94
7386 93
7387 93
7388 94
7389 95
7390 94
7391 93
7392 93
7393 93
7394 94
7395 93
7396 92
7397 93
7398 93
7399 93
7400 92
7401 93
7402 92
7403 92
7404 94
7405 92
7406 91
7407 93
7408 94
7409 93
7410 94
7411 94
7412 92
7413 93
7414 93
7415 93
7416 93
7417 93
7418 92
7419 92
7420 93
7421 93
7422 91
7423 94
7424 91
7425 93
7426 93
7427 93
7428 94
7429 94
7430 93
7431 93
7432 94
7433 92
7434 92
7435 93
7436 92
7437 92
7438 99
7439 93
7440 94
7441 94
7442 92
7443 93
7444 92
7445 93
7446 93
7447 93
7448 92
7449 94
7450 99
7451 96
7452 93
7453 93
7454 95
7455 95
7456 94
7457 93
7458 93
7459 93
7460 92
7461 93
7462 94
7463 91
7464 93
7465 92
7466 93
7467 93
7468 93
7469 94
7470 92
7471 94
7472 93
7473 95
7474 95
7475 95
7476 92
7477 92
7478 93
7479 93
7480 93
7481 93
7482 94
7483 92
7484 92
7485 94
7486 92
7487 93
7488 94
7489 98
7490 93
7491 95
7492 93
7493 95
7494 94
7495 93
7496 94
7497 93
7498 93
7499 93
7500 93
7501 91
7502 92
7503 92
7504 93
7505 95
7506 92
7507 94
7508 94
7509 99
7510 93
7511 94
7512 107
7513 110
7514 97
7515 94
7516 92
7517 93
7518 92
7519 93
7520 92
7521 93
7522 94
7523 91
7524 93
7525 94
7526 95
7527 94
7528 92
7529 93
7530 93
7531 92
7532 92
7533 95
7534 94
7535 92
7536 92
7537 94
7538 92
7539 92
7540 92
7541 92
7542 93
7543 93
7544 97
7545 93
7546 95
7547 93
7548 93
7549 98
7550 92
7551 93
7552 93
7553 94
7554 93
7555 94
7556 99
7557 92
7558 92
7559 92
7560 93
7561 95
7562 93
7563 92
7564 93
7565 93
7566 100
7567 95
7568 93
7569 93
7570 94
7571 92
7572 93
7573 93
7574 93
7575 94
7576 92
7577 95
7578 93
7579 94
7580 94
7581 95
7582 92
7583 93
7584 95
7585 94
7586 94
7587 94
7588 93
7589 93
7590 92
7591 93
7592 95
7593 94
7594 92
7595 93
7596 94
7597 94
7598 92
7599 94
7600 92
7601 93
7602 95
7603 102
7604 93
7605 92
7606 97
7607 93
7608 93
7609 91
7610 93
7611 96
7612 92
7613 93
7614 92
7615 95
7616 94
7617 92
7618 94
7619 93
7620 93
7621 94
7622 93
7623 95
7624 94
7625 94
7626 93
7627 93
7628 94
7629 93
7630 92
7631 92
7632 93
7633 93
7634 93
7635 92
7636 93
7637 93
7638 92
7639 92
7640 92
7641 93
7642 94
7643 92
7644 92
7645 94
7646 94
7647 92
7648 96
7649 93
7650 94
7651 93
7652 92
7653 94
7654 92
7655 100
7656 92
7657 94
7658 95
7659 394
7660 99
7661 98
7662 96
7663 93
7664 93
7665 94
7666 94
7667 94
7668 94
7669 93
7670 93
7671 92
7672 102
7673 94
7674 94
7675 93
7676 92
7677 93
7678 94
7679 92
7680 94
7681 92
7682 94
7683 92
7684 92
7685 93
7686 97
7687 106
7688 92
7689 92
7690 94
7691 92
7692 94
7693 95
7694 92
7695 94
7696 95
7697 94
7698 93
7699 93
7700 93
7701 94
7702 94
7703 92
7704 93
7705 93
7706 98
7707 98
7708 94
7709 93
7710 91
7711 93
7712 92
7713 94
7714 93
7715 94
7716 92
7717 92
7718 94
7719 92
7720 92
7721 99
7722 94
7723 95
7724 93
7725 93
7726 92
7727 92
7728 93
7729 92
7730 93
7731 93
7732 93
7733 93
7734 91
7735 92
7736 92
7737 92
7738 93
7739 94
7740 93
7741 92
7742 98
7743 93
7744 94
7745 94
7746 94
7747 93
7748 92
7749 95
7750 91
7751 93
7752 94
7753 93
7754 96
7755 94
7756 92
7757 93
7758 92
7759 94
7760 93
7761 92
7762 94
7763 92
7764 94
7765 92
7766 94
7767 93
7768 92
7769 93
7770 94
7771 92
7772 91
7773 94
7774 93
7775 91
7776 93
7777 94
7778 92
7779 94
7780 92
7781 98
7782 93
7783 91
7784 91
7785 93
7786 92
7787 93
7788 93
7789 92
7790 94
7791 93
7792 93
7793 92
7794 91
7795 93
7796 93
7797 93
7798 93
7799 95
7800 94
7801 94
7802 94
7803 93
7804 93
7805 95
7806 93
7807 92
7808 94
7809 94
7810 93
7811 93
7812 94
7813 99
7814 95
7815 93
7816 94
7817 95
7818 94
7819 92
7820 94
7821 92
7822 92
7823 93
7824 93
7825 96
7826 92
7827 93
7828 95
7829 93
7830 94
7831 92
7832 94
7833 93
7834 92
7835 92
7836 93
7837 94
7838 92
7839 96
7840 92
7841 94
7842 95
7843 93
7844 93
7845 91
7846 95
7847 93
7848 94
7849 92
7850 92
7851 93
7852 92
7853 93
7854 91
7855 95
7856 94
7857 93
7858 95
7859 93
7860 93
7861 93
7862 96
7863 101
7864 106
7865 93
7866 93
7867 93
7868 93
7869 91
7870 93
7871 94
7872 93
7873 93
7874 94
7875 94
7876 92
7877 92
7878 92
7879 94
7880 94
7881 92
7882 92
7883 92
7884 94
7885 94
7886 92
7887 94
7888 92
7889 93
7890 93
7891 94
7892 95
7893 93
7894 93
7895 93
7896 92
7897 93
7898 97
7899 95
7900 93
7901 93
7902 95
7903 93
7904 92
7905 93
7906 92
7907 98
7908 93
7909 91
7910 93
7911 93
7912 92
7913 94
7914 93
7915 91
7916 94
7917 93
7918 93
7919 96
7920 93
7921 94
7922 94
7923 92
7924 92
7925 93
7926 92
7927 92
7928 93
7929 92
7930 92
7931 93
7932 92
7933 94
7934 92
7935 94
7936 92
7937 93
7938 93
7939 92
7940 94
7941 94
7942 93
7943 93
7944 92
7945 92
7946 94
7947 93
7948 93
7949 93
7950 94
7951 93
7952 95
7953 94
7954 93
7955 92
7956 93
7957 95
7958 95
7959 100
7960 93
7961 93
7962 92
7963 94
7964 94
7965 92
7966 93
7967 92
7968 92
7969 93
7970 94
7971 94
7972 93
7973 91
7974 92
7975 93
7976 93
7977 93
7978 96
7979 93
7980 93
7981 94
7982 91
7983 93
7984 93
7985 91
7986 93
7987 93
7988 93
7989 92
7990 94
7991 93
7992 94
7993 93
7994 94
7995 94
7996 94
7997 94
7998 94
7999 94
8000 92
8001 94
8002 94
8003 91
8004 93
8005 96
8006 94
8007 92
8008 94
8009 92
8010 93
8011 93
8012 93
8013 92
8014 93
8015 93
8016 97
8017 99
8018 94
8019 100
8020 94
8021 93
8022 93
8023 94
8024 94
8025 93
8026 94
8027 93
8028 94
8029 94
8030 94
8031 94
8032 94
8033 94
8034 94
8035 94
8036 93
8037 95
8038 97
8039 97
8040 92
8041 103
8042 107
8043 100
8044 95
8045 97
8046 96
8047 106
8048 92
8049 91
8050 93
8051 93
8052 92
8053 92
8054 93
8055 92
8056 92
8057 94
8058 91
8059 99
8060 96
8061 94
8062 93
8063 94
8064 93
8065 93
8066 93
8067 91
8068 93
8069 94
8070 94
8071 94
8072 95
8073 99
8074 99
8075 94
8076 92
8077 94
8078 91
8079 92
8080 93
8081 93
8082 92
8083 94
8084 92
8085 93
8086 94
8087 92
8088 92
8089 93
8090 98
8091 93
8092 94
8093 94
8094 108
8095 93
8096 93
8097 94
8098 95
8099 93
8100 93
8101 93
8102 94
8103 93
8104 93
8105 93
8106 93
8107 93
8108 94
8109 96
8110 95
8111 93
8112 93
8113 93
8114 94
8115 93
8116 92
8117 93
8118 94
8119 94
8120 94
8121 94
8122 95
8123 96
8124 96
8125 95
8126 94
8127 95
8128 97
8129 92
8130 94
8131 94
8132 94
8133 94
8134 96
8135 98
8136 96
8137 94
8138 95
8139 92
8140 94
8141 98
8142 95
8143 92
8144 93
8145 93
8146 93
8147 97
8148 92
8149 92
8150 95
8151 93
8152 94
8153 95
8154 98
8155 97
8156 93
8157 97
8158 95
8159 97
8160 96
8161 95
8162 95
8163 96
8164 97
8165 97
8166 95
8167 95
8168 93
8169 96
8170 93
8171 94
8172 94
8173 91
8174 93
8175 95
8176 94
8177 94
8178 95
8179 94
8180 95
8181 93
8182 93
8183 94
8184 94
8185 92
8186 95
8187 95
8188 93
8189 98
8190 92
8191 93
8192 95
8193 92
8194 92
8195 92
8196 93
8197 94
8198 97
8199 95
8200 92
8201 91
8202 92
8203 93
8204 93
8205 94
8206 93
8207 93
8208 92
8209 93
8210 94
8211 93
8212 92
8213 92
8214 93
8215 94
8216 97
8217 95
8218 95
8219 95
8220 97
8221 97
8222 96
8223 95
8224 93
8225 94
8226 93
8227 98
8228 94
8229 92
8230 92
8231 92
8232 92
8233 99
8234 92
8235 92
8236 93
8237 93
8238 93
8239 95
8240 93
8241 92
8242 93
8243 93
8244 92
8245 97
8246 94
8247 94
8248 94
8249 97
8250 95
8251 94
8252 93
8253 94
8254 92
8255 93
8256 94
8257 94
8258 93
8259 93
8260 93
8261 94
8262 92
8263 92
8264 93
8265 92
8266 93
8267 93
8268 94
8269 95
8270 94
8271 92
8272 94
8273 94
8274 91
8275 94
8276 94
8277 93
8278 93
8279 92
8280 134
8281 96
8282 95
8283 93
8284 94
8285 93
8286 92
8287 92
8288 93
8289 91
8290 92
8291 93
8292 94
8293 94
8294 92
8295 96
8296 94
8297 92
8298 94
8299 94
8300 92
8301 94
8302 93
8303 93
8304 93
8305 94
8306 96
8307 94
8308 92
8309 92
8310 93
8311 92
8312 92
8313 92
8314 92
8315 94
8316 94
8317 93
8318 92
8319 93
8320 92
8321 93
8322 92
8323 93
8324 93
8325 95
8326 94
8327 95
8328 93
8329 93
8330 93
8331 95
8332 93
8333 92
8334 93
8335 94
8336 94
8337 94
8338 93
8339 97
8340 92
8341 93
8342 94
8343 93
8344 92
8345 92
8346 93
8347 93
8348 93
8349 92
8350 94
8351 94
8352 94
8353 93
8354 94
8355 92
8356 92
8357 93
8358 92
8359 94
8360 95
8361 93
8362 93
8363 92
8364 95
8365 94
8366 100
8367 93
8368 93
8369 93
8370 93
8371 94
8372 94
8373 95
8374 93
8375 94
8376 92
8377 93
8378 92
8379 91
8380 93
8381 93
8382 93
8383 92
8384 93
8385 92
8386 96
8387 94
8388 93
8389 100
8390 106
8391 99
8392 96
8393 101
8394 94
8395 93
8396 93
8397 97
8398 94
8399 94
8400 93
8401 93
8402 96
8403 94
8404 93
8405 94
8406 94
8407 94
8408 92
8409 93
8410 93
8411 92
8412 93
8413 92
8414 93
8415 93
8416 94
8417 92
8418 93
8419 94
8420 91
8421 95
8422 94
8423 94
8424 94
8425 101
8426 91
8427 92
8428 93
8429 93
8430 93
8431 93
8432 92
8433 94
8434 93
8435 91
8436 93
8437 93
8438 93
8439 92
8440 94
8441 93
8442 91
8443 93
8444 95
8445 94
8446 93
8447 94
8448 94
8449 93
8450 92
8451 91
8452 92
8453 93
8454 95
8455 93
8456 92
8457 92
8458 94
8459 94
8460 92
8461 94
8462 92
8463 93
8464 94
8465 93
8466 94
8467 103
8468 96
8469 97
8470 97
8471 97
8472 94
8473 96
8474 96
8475 93
8476 98
8477 96
8478 94
8479 94
8480 95
8481 94
8482 95
8483 93
8484 93
8485 92
8486 95
8487 92
8488 92
8489 95
8490 95
8491 93
8492 92
8493 95
8494 92
8495 98
8496 92
8497 93
8498 94
8499 96
8500 92
8501 92
8502 94
8503 96
8504 92
8505 93
8506 93
8507 97
8508 93
8509 95
8510 92
8511 93
8512 96
8513 93
8514 94
8515 93
8516 95
8517 95
8518 94
8519 94
8520 94
8521 96
8522 94
8523 95
8524 94
8525 97
8526 94
8527 94
8528 93
8529 93
8530 94
8531 93
8532 94
8533 96
8534 94
8535 92
8536 96
8537 93
8538 93
8539 93
8540 97
8541 95
8542 93
8543 94
8544 94
8545 98
8546 95
8547 95
8548 93
8549 91
8550 95
8551 93
8552 93
8553 95
8554 93
8555 93
8556 93
8557 96
8558 93
8559 94
8560 92
8561 106
8562 103
8563 101
8564 93
8565 93
8566 94
8567 94
8568 95
8569 93
8570 94
8571 94
8572 93
8573 93
8574 94
8575 93
8576 96
8577 94
8578 92
8579 93
8580 95
8581 92
8582 95
8583 94
8584 93
8585 96
8586 96
8587 96
8588 93
8589 93
8590 96
8591 95
8592 97
8593 101
8594 96
8595 98
8596 92
8597 96
8598 92
8599 93
8600 92
8601 92
8602 95
8603 96
8604 92
8605 93
8606 90
8607 94
8608 92
8609 92
8610 92
8611 93
8612 97
8613 92
8614 94
8615 92
8616 93
8617 94
8618 94
8619 94
8620 93
8621 94
8622 93
8623 93
8624 93
8625 94
8626 94
8627 94
8628 93
8629 92
8630 92
8631 93
8632 95
8633 93
8634 93
8635 93
8636 93
8637 91
8638 93
8639 93
8640 97
8641 94
8642 94
8643 93
8644 92
8645 93
8646 93
8647 93
8648 92
8649 94
8650 93
8651 95
8652 96
8653 92
8654 94
8655 93
8656 93
8657 93
8658 92
8659 94
8660 94
8661 93
8662 92
8663 93
8664 92
8665 93
8666 93
8667 95
8668 93
8669 94
8670 95
8671 97
8672 92
8673 93
8674 93
8675 97
8676 95
8677 91
8678 93
8679 93
8680 94
8681 94
8682 99
8683 92
8684 92
8685 93
8686 93
8687 99
8688 93
8689 94
8690 93
8691 94
8692 95
8693 93
8694 93
8695 94
8696 92
8697 93
8698 93
8699 93
8700 92
8701 95
8702 92
8703 93
8704 93
8705 93
8706 93
8707 93
8708 93
8709 93
8710 93
8711 93
8712 99
8713 93
8714 92
8715 93
8716 93
8717 93
8718 93
8719 96
8720 93
8721 93
8722 94
8723 94
8724 93
8725 92
8726 93
8727 92
8728 92
8729 94
8730 94
8731 93
8732 93
8733 95
8734 99
8735 93
8736 93
8737 102
8738 105
8739 98
8740 97
8741 94
8742 95
8743 93
8744 96
8745 94
8746 95
8747 95
8748 94
8749 92
8750 95
8751 97
8752 94
8753 94
8754 93
8755 95
8756 97
8757 96
8758 95
8759 96
8760 94
8761 95
8762 97
8763 96
8764 95
8765 96
8766 96
8767 93
8768 94
8769 94
8770 94
8771 94
8772 95
8773 94
8774 97
8775 122
8776 96
8777 92
8778 96
8779 96
8780 97
8781 94
8782 96
8783 95
8784 97
8785 96
8786 94
8787 94
8788 95
8789 93
8790 94
8791 93
8792 95
8793 97
8794 98
8795 96
8796 93
8797 92
8798 98
8799 97
8800 95
8801 95
8802 93
8803 93
8804 94
8805 98
8806 98
8807 95
8808 93
8809 93
8810 93
8811 95
8812 96
8813 95
8814 93
8815 95
8816 96
8817 97
8818 97
8819 91
8820 98
8821 94
8822 97
8823 95
8824 96
8825 94
8826 94
8827 94
8828 98
8829 97
8830 98
8831 94
8832 93
8833 93
8834 94
8835 93
8836 92
8837 93
8838 94
8839 92
8840 92
8841 94
8842 92
8843 93
8844 92
8845 92
8846 95
8847 96
8848 96
8849 98
8850 97
8851 94
8852 93
8853 94
8854 94
8855 94
8856 94
8857 94
8858 91
8859 93
8860 94
8861 98
8862 92
8863 94
8864 95
8865 94
8866 96
8867 96
8868 95
8869 96
8870 94
8871 91
8872 93
8873 94
8874 95
8875 92
8876 94
8877 96
8878 94
8879 93
8880 99
8881 93
8882 93
8883 92
8884 94
8885 94
8886 94
8887 94
8888 94
8889 95
8890 93
8891 92
8892 94
8893 92
8894 93
8895 94
8896 92
8897 93
8898 93
8899 93
8900 93
8901 94
8902 92
8903 92
8904 94
8905 93
8906 92
8907 97
8908 93
8909 92
8910 105
8911 96
8912 100
8913 94
8914 95
8915 96
8916 95
8917 97
8918 94
8919 94
8920 94
8921 95
8922 93
8923 95
8924 93
8925 95
8926 93
8927 93
8928 94
8929 93
8930 100
8931 93
8932 93
8933 93
8934 92
8935 93
8936 93
8937 95
8938 93
8939 93
8940 95
8941 92
8942 93
8943 92
8944 92
8945 92
8946 94
8947 93
8948 94
8949 94
8950 94
8951 93
8952 94
8953 92
8954 93
8955 93
8956 95
8957 92
8958 93
8959 93
8960 94
8961 92
8962 92
8963 92
8964 93
8965 92
8966 94
8967 92
8968 91
8969 93
8970 93
8971 92
8972 93
8973 94
8974 93
8975 92
8976 93
8977 97
8978 96
8979 93
8980 92
8981 92
8982 92
8983 93
8984 95
8985 93
8986 93
8987 92
8988 92
8989 97
8990 93
8991 93
8992 93
8993 94
8994 93
8995 92
8996 95
8997 94
8998 92
8999 94
9000 95
9001 94
9002 93
9003 93
9004 93
9005 94
9006 92
9007 94
9008 92
9009 95
9010 94
9011 92
9012 92
9013 93
9014 98
9015 103
9016 101
9017 107
9018 95
9019 93
9020 93
9021 94
9022 92
9023 95
9024 93
9025 92
9026 92
9027 93
9028 94
9029 93
9030 93
9031 93
9032 94
9033 94
9034 94
9035 93
9036 92
9037 93
9038 92
9039 94
9040 93
9041 92
9042 94
9043 91
9044 94
9045 93
9046 92
9047 93
9048 94
9049 93
9050 92
9051 93
9052 93
9053 93
9054 92
9055 94
9056 93
9057 94
9058 95
9059 93
9060 93
9061 93
9062 95
9063 93
9064 94
9065 93
9066 93
9067 92
9068 93
9069 98
9070 93
9071 111
9072 111
9073 115
9074 140
9075 115
9076 111
9077 110
9078 112
9079 113
9080 112
9081 107
9082 113
9083 111
9084 109
9085 112
9086 111
9087 109
9088 108
9089 112
9090 110
9091 111
9092 104
9093 110
9094 112
9095 112
9096 111
9097 111
9098 121
9099 110
9100 111
9101 112
9102 111
9103 109
9104 111
9105 111
9106 111
9107 119
9108 107
9109 112
9110 110
9111 108
9112 110
9113 112
9114 112
9115 112
9116 117
9117 107
9118 109
9119 112
9120 110
9121 111
9122 111
9123 111
9124 111
9125 114
9126 111
9127 111
9128 109
9129 111
9130 110
9131 112
9132 111
9133 112
9134 117
9135 110
9136 110
9137 112
9138 114
9139 113
9140 110
9141 111
9142 110
9143 119
9144 112
9145 110
9146 111
9147 111
9148 109
9149 112
9150 114
9151 111
9152 116
9153 110
9154 109
9155 110
9156 111
9157 112
9158 114
9159 110
9160 111
9161 112
9162 112
9163 110
9164 110
9165 110
9166 112
9167 112
9168 112
9169 110
9170 110
9171 109
9172 112
9173 112
9174 113
9175 112
9176 111
9177 112
9178 109
9179 113
9180 110
9181 112
9182 112
9183 111
9184 108
9185 109
9186 114
9187 112
9188 111
9189 111
9190 109
9191 111
9192 109
9193 112
9194 110
9195 110
9196 111
9197 114
9198 113
9199 111
9200 112
9201 110
9202 111
9203 112
9204 112
9205 112
9206 113
9207 112
9208 112
9209 109
9210 111
9211 111
9212 110
9213 107
9214 111
9215 95
9216 93
9217 95
9218 94
9219 93
9220 96
9221 94
9222 93
9223 92
9224 93
9225 94
9226 94
9227 93
9228 93
9229 93
9230 93
9231 92
9232 93
9233 103
9234 93
9235 91
9236 92
9237 92
9238 95
9239 94
9240 93
9241 92
9242 94
9243 92
9244 92
9245 95
9246 94
9247 92
9248 91
9249 98
9250 93
9251 92
9252 92
9253 94
9254 91
9255 93
9256 94
9257 92
9258 93
9259 91
9260 92
9261 94
9262 92
9263 92
9264 96
9265 93
9266 94
9267 94
9268 95
9269 94
9270 92
9271 94
9272 93
9273 94
9274 94
9275 94
9276 93
9277 93
9278 93
9279 95
9280 95
9281 93
9282 92
9283 92
9284 93
9285 94
9286 93
9287 94
9288 92
9289 92
9290 95
9291 93
9292 93
9293 96
9294 93
9295 95
9296 94
9297 94
9298 95
9299 93
9300 93
9301 93
9302 92
9303 93
9304 93
9305 92
9306 92
9307 95
9308 94
9309 94
9310 93
9311 94
9312 94
9313 94
9314 96
9315 93
9316 93
9317 93
9318 94
9319 95
9320 93
9321 108
9322 105
9323 103
9324 101
9325 101
9326 106
9327 136
9328 109
9329 107
9330 94
9331 95
9332 93
9333 92
9334 95
9335 92
9336 92
9337 93
9338 91
9339 94
9340 94
9341 93
9342 92
9343 95
9344 94
9345 94
9346 92
9347 94
9348 93
9349 92
9350 93
9351 94
9352 94
9353 94
9354 94
9355 92
9356 95
9357 95
9358 93
9359 94
9360 92
9361 95
9362 93
9363 95
9364 93
9365 93
9366 92
9367 94
9368 93
9369 94
9370 93
9371 93
9372 94
9373 93
9374 93
9375 94
9376 93
9377 94
9378 94
9379 93
9380 94
9381 94
9382 95
9383 93
9384 93
9385 97
9386 94
9387 93
9388 95
9389 92
9390 94
9391 93
9392 95
9393 94
9394 92
9395 97
9396 95
9397 94
9398 94
9399 95
9400 94
9401 92
9402 93
9403 94
9404 93
9405 96
9406 93
9407 94
9408 95
9409 94
9410 95
9411 93
9412 94
9413 92
9414 95
9415 94
9416 95
9417 93
9418 93
9419 92
9420 103
9421 100
9422 94
9423 92
9424 92
9425 93
9426 93
9427 93
9428 93
9429 93
9430 93
9431 94
9432 95
9433 93
9434 93
9435 92
9436 94
9437 94
9438 92
9439 92
9440 94
9441 94
9442 93
9443 93
9444 93
9445 95
9446 92
9447 94
9448 91
9449 94
9450 94
9451 94
9452 92
9453 93
9454 92
9455 97
9456 94
9457 92
9458 92
9459 92
9460 91
9461 94
9462 94
9463 94
9464 92
9465 92
9466 93
9467 93
9468 92
9469 92
9470 93
9471 93
9472 92
9473 91
9474 93
9475 92
9476 93
9477 93
9478 92
9479 97
9480 90
9481 93
9482 92
9483 94
9484 93
9485 92
9486 95
9487 93
9488 93
9489 92
9490 94
9491 99
9492 94
9493 94
9494 94
9495 93
9496 93
9497 93
9498 92
9499 93
9500 92
9501 94
9502 93
9503 97
9504 92
9505 95
9506 92
9507 93
9508 93
9509 93
9510 93
9511 92
9512 94
9513 92
9514 95
9515 92
9516 93
9517 93
9518 92
9519 95
9520 94
9521 94
9522 93
9523 94
9524 92
9525 95
9526 97
9527 97
9528 94
9529 93
9530 93
9531 97
9532 94
9533 96
9534 95
9535 93
9536 92
9537 93
9538 102
9539 96
9540 92
9541 95
9542 95
9543 97
9544 95
9545 93
9546 95
9547 93
9548 94
9549 94
9550 97
9551 98
9552 94
9553 94
9554 94
9555 97
9556 96
9557 93
9558 94
9559 96
9560 95
9561 99
9562 98
9563 97
9564 98
9565 93
9566 97
9567 95
9568 93
9569 94
9570 93
9571 93
9572 102
9573 94
9574 96
9575 93
9576 96
9577 97
9578 96
9579 93
9580 93
9581 97
9582 99
9583 95
9584 94
9585 93
9586 94
9587 96
9588 95
9589 93
9590 95
9591 96
9592 94
9593 97
9594 95
9595 96
9596 94
9597 93
9598 94
9599 94
9600 93
9601 95
9602 93
9603 92
9604 93
9605 93
9606 92
9607 94
9608 94
9609 93
9610 93
9611 94
9612 93
9613 93
9614 93
9615 93
9616 92
9617 97
9618 94
9619 93
9620 92
9621 94
9622 97
9623 94
9624 92
9625 93
9626 94
9627 95
9628 94
9629 93
9630 96
9631 93
9632 93
9633 94
9634 121
9635 93
9636 96
9637 96
9638 95
9639 95
9640 97
9641 94
9642 94
9643 94
9644 95
9645 92
9646 92
9647 93
9648 95
9649 95
9650 96
9651 94
9652 93
9653 92
9654 92
9655 92
9656 97
9657 94
9658 93
9659 93
9660 93
9661 91
9662 96
9663 101
9664 98
9665 97
9666 95
9667 96
9668 96
9669 94
9670 94
9671 93
9672 95
9673 93
9674 97
9675 96
9676 93
9677 94
9678 91
9679 97
9680 94
9681 93
9682 93
9683 96
9684 96
9685 96
9686 96
9687 96
9688 95
9689 97
9690 96
9691 96
9692 95
9693 94
9694 94
9695 93
9696 93
9697 93
9698 93
9699 96
9700 93
9701 95
9702 93
9703 94
9704 92
9705 95
9706 92
9707 93
9708 95
9709 97
9710 96
9711 94
9712 93
9713 92
9714 94
9715 93
9716 94
9717 93
9718 91
9719 93
9720 94
9721 93
9722 93
9723 94
9724 94
9725 94
9726 94
9727 96
9728 95
9729 95
9730 94
9731 93
9732 99
9733 95
9734 94
9735 97
9736 96
9737 94
9738 93
9739 94
9740 96
9741 95
9742 96
9743 93
9744 98
9745 95
9746 96
9747 96
9748 95
9749 96
9750 95
9751 98
9752 94
9753 93
9754 93
9755 103
9756 93
9757 96
9758 94
9759 94
9760 95
9761 96
9762 94
9763 93
9764 95
9765 95
9766 95
9767 96
9768 94
9769 96
9770 95
9771 98
9772 93
9773 93
9774 93
9775 93
9776 93
9777 92
9778 93
9779 93
9780 95
9781 94
9782 95
9783 93
9784 92
9785 93
9786 94
9787 93
9788 96
9789 93
9790 96
9791 92
9792 97
9793 93
9794 94
9795 95
9796 98
9797 96
9798 93
9799 95
9800 94
9801 97
9802 97
9803 96
9804 95
9805 102
9806 93
9807 96
9808 96
9809 96
9810 98
9811 96
9812 96
9813 100
9814 98
9815 97
9816 96
9817 96
9818 95
9819 95
9820 94
9821 93
9822 97
9823 96
9824 95
9825 95
9826 94
9827 97
9828 93
9829 94
9830 93
9831 93
9832 95
9833 96
9834 94
9835 96
9836 92
9837 104
9838 105
9839 93
9840 94
9841 94
9842 93
9843 94
9844 93
9845 93
9846 93
9847 92
9848 94
9849 92
9850 92
9851 93
9852 93
9853 93
9854 92
9855 93
9856 93
9857 93
9858 93
9859 94
9860 93
9861 95
9862 93
9863 93
9864 93
9865 94
9866 94
9867 94
9868 93
9869 92
9870 91
9871 91
9872 94
9873 94
9874 92
9875 95
9876 92
9877 94
9878 94
9879 93
9880 93
9881 92
9882 92
9883 94
9884 92
9885 93
9886 93
9887 93
9888 93
9889 93
9890 93
9891 94
9892 94
9893 93
9894 93
9895 98
9896 92
9897 92
9898 95
9899 95
9900 92
9901 93
9902 92
9903 92
9904 94
9905 93
9906 93
9907 98
9908 95
9909 95
9910 94
9911 94
9912 95
9913 92
9914 92
9915 94
9916 93
9917 93
9918 95
9919 94
9920 94
9921 94
9922 93
9923 92
9924 94
9925 91
9926 91
9927 91
9928 94
9929 92
9930 93
9931 94
9932 94
9933 98
9934 93
9935 93
9936 94
9937 94
9938 93
9939 94
9940 92
9941 93
9942 93
9943 93
9944 94
9945 93
9946 94
9947 93
9948 94
9949 94
9950 95
9951 94
9952 93
9953 93
9954 97
9955 93
9956 92
9957 92
9958 93
9959 94
9960 98
9961 99
9962 94
9963 92
9964 93
9965 94
9966 94
9967 94
9968 96
9969 93
9970 90
9971 93
9972 93
9973 93
9974 94
9975 93
9976 92
9977 92
9978 93
9979 93
9980 94
9981 93
9982 92
9983 93
9984 93
9985 94
9986 92
9987 94
9988 93
9989 94
9990 94
9991 93
9992 93
9993 93
9994 93
9995 94
9996 92
9997 94
9998 91
9999 94
10000 93
