1 443
2 397
3 465
4 383
5 396
6 408
7 403
8 450
9 404
10 421
11 384
12 389
13 399
14 391
15 443
16 441
17 465
18 395
19 308
20 282
21 305
22 284
23 263
24 208
25 231
26 209
27 214
28 263
29 224
30 153
31 158
32 157
33 163
34 158
35 161
36 156
37 156
38 158
39 131
40 138
41 137
42 131
43 136
44 149
45 143
46 102
47 98
48 97
49 96
50 95
51 96
52 98
53 93
54 97
55 95
56 97
57 94
58 95
59 97
60 96
61 94
62 95
63 95
64 98
65 94
66 95
67 95
68 94
69 94
70 93
71 98
72 100
73 98
74 96
75 99
76 93
77 95
78 91
79 90
80 99
81 94
82 95
83 92
84 91
85 94
86 91
87 95
88 92
89 96
90 94
91 97
92 92
93 99
94 98
95 97
96 93
97 94
98 101
99 94
100 107
101 94
102 93
103 91
104 91
105 90
106 89
107 97
108 94
109 96
110 94
111 97
112 106
113 94
114 94
115 93
116 89
117 91
118 95
119 95
120 91
121 96
122 95
123 96
124 92
125 92
126 92
127 94
128 96
129 90
130 98
131 92
132 111
133 92
134 91
135 90
136 87
137 96
138 92
139 92
140 94
141 92
142 87
143 92
144 87
145 86
146 88
147 90
148 87
149 86
150 91
151 94
152 93
153 92
154 95
155 90
156 95
157 92
158 86
159 86
160 87
161 86
162 83
163 92
164 100
165 86
166 88
167 83
168 82
169 85
170 86
171 90
172 83
173 82
174 83
175 84
176 82
177 85
178 82
179 87
180 87
181 82
182 88
183 84
184 87
185 86
186 85
187 84
188 85
189 80
190 84
191 80
192 85
193 82
194 83
195 82
196 80
197 83
198 82
199 83
200 81
201 85
202 91
203 81
204 83
205 85
206 85
207 84
208 86
209 84
210 82
211 81
212 82
213 81
214 81
215 81
216 80
217 86
218 79
219 85
220 79
221 83
222 82
223 78
224 81
225 82
226 83
227 89
228 83
229 80
230 81
231 87
232 85
233 84
234 79
235 81
236 90
237 82
238 80
239 82
240 84
241 91
242 87
243 84
244 79
245 79
246 83
247 85
248 82
249 84
250 94
251 79
252 76
253 83
254 82
255 80
256 82
257 83
258 78
259 81
260 81
261 82
262 79
263 78
264 81
265 82
266 86
267 81
268 84
269 85
270 84
271 81
272 79
273 87
274 84
275 83
276 83
277 85
278 81
279 79
280 75
281 83
282 83
283 83
284 86
285 79
286 82
287 79
288 80
289 80
290 80
291 81
292 81
293 80
294 82
295 79
296 83
297 81
298 83
299 80
300 81
301 84
302 80
303 88
304 79
305 80
306 81
307 84
308 81
309 83
310 81
311 86
312 80
313 80
314 81
315 82
316 78
317 82
318 83
319 78
320 83
321 83
322 86
323 79
324 82
325 80
326 83
327 83
328 85
329 83
330 82
331 79
332 94
333 79
334 78
335 81
336 78
337 80
338 80
339 81
340 83
341 85
342 110
343 83
344 80
345 82
346 82
347 82
348 86
349 83
350 85
351 99
352 84
353 81
354 94
355 101
356 81
357 85
358 79
359 81
360 78
361 80
362 82
363 83
364 83
365 78
366 81
367 81
368 79
369 79
370 80
371 82
372 81
373 80
374 80
375 80
376 81
377 81
378 82
379 79
380 87
381 89
382 91
383 81
384 82
385 86
386 88
387 85
388 85
389 82
390 84
391 85
392 90
393 82
394 85
395 81
396 79
397 80
398 84
399 118
400 93
401 82
402 81
403 82
404 83
405 78
406 84
407 80
408 80
409 85
410 79
411 79
412 81
413 85
414 80
415 79
416 85
417 84
418 81
419 81
420 80
421 79
422 83
423 86
424 80
425 81
426 78
427 84
428 83
429 85
430 81
431 84
432 85
433 82
434 82
435 84
436 83
437 82
438 85
439 79
440 112
441 81
442 80
443 78
444 80
445 78
446 85
447 81
448 78
449 78
450 82
451 79
452 80
453 83
454 79
455 80
456 80
457 81
458 80
459 84
460 81
461 82
462 78
463 80
464 78
465 81
466 79
467 82
468 78
469 83
470 83
471 80
472 80
473 82
474 90
475 79
476 82
477 81
478 82
479 82
480 84
481 82
482 83
483 81
484 80
485 83
486 81
487 79
488 82
489 81
490 81
491 88
492 86
493 89
494 81
495 78
496 79
497 83
498 80
499 79
500 81
501 80
502 83
503 79
504 83
505 80
506 88
507 83
508 83
509 81
510 81
511 78
512 79
513 80
514 83
515 84
516 81
517 84
518 79
519 79
520 82
521 82
522 81
523 87
524 79
525 81
526 83
527 81
528 81
529 82
530 82
531 83
532 81
533 85
534 80
535 83
536 81
537 84
538 80
539 79
540 83
541 80
542 82
543 80
544 79
545 79
546 84
547 82
548 84
549 78
550 77
551 82
552 82
553 79
554 81
555 80
556 81
557 79
558 81
559 88
560 86
561 79
562 78
563 84
564 80
565 83
566 80
567 80
568 82
569 79
570 81
571 85
572 79
573 81
574 81
575 82
576 87
577 83
578 85
579 81
580 83
581 80
582 81
583 84
584 83
585 78
586 83
587 82
588 83
589 86
590 80
591 80
592 81
593 81
594 81
595 79
596 79
597 81
598 90
599 81
600 80
601 79
602 83
603 80
604 84
605 80
606 84
607 81
608 80
609 80
610 82
611 91
612 81
613 82
614 81
615 81
616 82
617 81
618 81
619 81
620 82
621 81
622 80
623 87
624 80
625 82
626 77
627 79
628 83
629 79
630 78
631 82
632 80
633 80
634 78
635 77
636 82
637 79
638 87
639 83
640 79
641 81
642 80
643 81
644 90
645 82
646 84
647 80
648 81
649 78
650 83
651 80
652 84
653 81
654 78
655 80
656 78
657 80
658 84
659 82
660 83
661 79
662 80
663 78
664 81
665 78
666 78
667 83
668 81
669 80
670 78
671 80
672 81
673 81
674 79
675 82
676 85
677 81
678 85
679 86
680 84
681 82
682 84
683 82
684 83
685 80
686 78
687 80
688 82
689 82
690 84
691 79
692 80
693 81
694 84
695 79
696 82
697 86
698 82
699 88
700 81
701 82
702 82
703 83
704 85
705 96
706 81
707 84
708 79
709 80
710 80
711 81
712 82
713 85
714 78
715 81
716 80
717 87
718 84
719 84
720 88
721 82
722 81
723 80
724 82
725 81
726 86
727 79
728 85
729 78
730 80
731 83
732 82
733 79
734 79
735 79
736 80
737 82
738 81
739 85
740 80
741 81
742 90
743 82
744 82
745 83
746 83
747 81
748 80
749 85
750 84
751 92
752 82
753 81
754 82
755 85
756 83
757 78
758 82
759 80
760 83
761 83
762 86
763 83
764 80
765 82
766 84
767 83
768 88
769 83
770 84
771 79
772 79
773 81
774 78
775 81
776 79
777 82
778 81
779 79
780 82
781 78
782 83
783 86
784 81
785 85
786 81
787 80
788 91
789 81
790 86
791 82
792 87
793 79
794 82
795 80
796 84
797 80
798 82
799 79
800 78
801 85
802 79
803 84
804 81
805 81
806 80
807 83
808 81
809 92
810 81
811 85
812 79
813 80
814 83
815 81
816 82
817 83
818 85
819 83
820 80
821 83
822 85
823 87
824 84
825 88
826 84
827 85
828 81
829 79
830 85
831 84
832 82
833 81
834 81
835 90
836 80
837 93
838 87
839 86
840 85
841 91
842 87
843 104
844 94
845 87
846 85
847 85
848 81
849 82
850 79
851 80
852 82
853 80
854 88
855 82
856 106
857 81
858 82
859 85
860 83
861 83
862 81
863 87
864 88
865 84
866 83
867 86
868 86
869 82
870 80
871 88
872 86
873 87
874 84
875 81
876 81
877 81
878 83
879 81
880 80
881 85
882 85
883 81
884 83
885 82
886 82
887 85
888 82
889 83
890 85
891 80
892 81
893 82
894 80
895 82
896 82
897 81
898 86
899 85
900 88
901 87
902 83
903 86
904 82
905 81
906 85
907 84
908 83
909 84
910 82
911 84
912 81
913 79
914 88
915 83
916 84
917 86
918 83
919 79
920 86
921 82
922 80
923 85
924 84
925 81
926 84
927 87
928 83
929 81
930 81
931 84
932 84
933 83
934 86
935 83
936 82
937 82
938 88
939 81
940 81
941 82
942 80
943 85
944 81
945 81
946 82
947 83
948 88
949 82
950 82
951 85
952 89
953 83
954 82
955 84
956 82
957 85
958 87
959 82
960 89
961 85
962 85
963 82
964 85
965 86
966 90
967 84
968 80
969 91
970 81
971 79
972 77
973 82
974 81
975 81
976 81
977 79
978 81
979 79
980 81
981 86
982 91
983 85
984 82
985 86
986 80
987 84
988 85
989 81
990 84
991 85
992 83
993 82
994 81
995 80
996 83
997 84
998 84
999 84
1000 84
1001 82
1002 83
1003 87
1004 83
1005 85
1006 114
1007 82
1008 86
1009 83
1010 80
1011 85
1012 81
1013 84
1014 85
1015 89
1016 81
1017 82
1018 82
1019 83
1020 81
1021 85
1022 84
1023 82
1024 82
1025 83
1026 86
1027 81
1028 82
1029 87
1030 85
1031 84
1032 89
1033 79
1034 84
1035 87
1036 87
1037 82
1038 86
1039 113
1040 86
1041 85
1042 85
1043 84
1044 79
1045 79
1046 86
1047 87
1048 86
1049 82
1050 84
1051 83
1052 84
1053 82
1054 88
1055 81
1056 81
1057 85
1058 83
1059 80
1060 86
1061 86
1062 89
1063 83
1064 84
1065 85
1066 85
1067 84
1068 82
1069 81
1070 88
1071 84
1072 85
1073 82
1074 78
1075 80
1076 85
1077 83
1078 83
1079 83
1080 81
1081 81
1082 84
1083 83
1084 90
1085 80
1086 81
1087 84
1088 93
1089 86
1090 82
1091 81
1092 82
1093 82
1094 79
1095 82
1096 81
1097 83
1098 82
1099 83
1100 84
1101 85
1102 91
1103 87
1104 81
1105 79
1106 85
1107 89
1108 84
1109 80
1110 79
1111 83
1112 78
1113 84
1114 79
1115 85
1116 86
1117 78
1118 79
1119 78
1120 86
1121 83
1122 84
1123 84
1124 89
1125 85
1126 86
1127 81
1128 89
1129 83
1130 91
1131 78
1132 82
1133 80
1134 80
1135 81
1136 81
1137 79
1138 81
1139 80
1140 84
1141 79
1142 80
1143 81
1144 84
1145 81
1146 89
1147 83
1148 84
1149 86
1150 86
1151 85
1152 83
1153 85
1154 81
1155 78
1156 79
1157 86
1158 86
1159 82
1160 84
1161 84
1162 83
1163 79
1164 83
1165 88
1166 81
1167 80
1168 84
1169 81
1170 82
1171 81
1172 84
1173 85
1174 86
1175 80
1176 83
1177 81
1178 84
1179 81
1180 81
1181 81
1182 88
1183 83
1184 88
1185 86
1186 84
1187 84
1188 80
1189 83
1190 78
1191 82
1192 82
1193 79
1194 82
1195 82
1196 83
1197 80
1198 83
1199 82
1200 83
1201 82
1202 80
1203 82
1204 81
1205 79
1206 81
1207 82
1208 80
1209 85
1210 81
1211 85
1212 82
1213 83
1214 84
1215 81
1216 80
1217 81
1218 82
1219 85
1220 83
1221 81
1222 81
1223 84
1224 82
1225 80
1226 83
1227 84
1228 84
1229 87
1230 85
1231 80
1232 83
1233 81
1234 83
1235 86
1236 81
1237 83
1238 78
1239 82
1240 80
1241 79
1242 79
1243 82
1244 82
1245 87
1246 88
1247 82
1248 82
1249 81
1250 80
1251 90
1252 81
1253 82
1254 80
1255 87
1256 82
1257 89
1258 82
1259 83
1260 86
1261 85
1262 84
1263 80
1264 79
1265 83
1266 82
1267 83
1268 79
1269 91
1270 80
1271 82
1272 86
1273 83
1274 81
1275 84
1276 83
1277 79
1278 81
1279 80
1280 91
1281 83
1282 79
1283 84
1284 86
1285 80
1286 82
1287 79
1288 82
1289 80
1290 85
1291 79
1292 84
1293 82
1294 82
1295 85
1296 83
1297 82
1298 80
1299 80
1300 86
1301 82
1302 79
1303 83
1304 79
1305 78
1306 84
1307 87
1308 82
1309 84
1310 80
1311 79
1312 79
1313 82
1314 79
1315 79
1316 82
1317 84
1318 83
1319 81
1320 81
1321 81
1322 80
1323 81
1324 83
1325 77
1326 82
1327 84
1328 78
1329 82
1330 81
1331 82
1332 82
1333 79
1334 82
1335 81
1336 79
1337 84
1338 79
1339 80
1340 81
1341 82
1342 81
1343 83
1344 80
1345 81
1346 82
1347 78
1348 80
1349 80
1350 82
1351 82
1352 79
1353 80
1354 79
1355 79
1356 83
1357 80
1358 80
1359 82
1360 81
1361 87
1362 81
1363 84
1364 80
1365 81
1366 80
1367 80
1368 80
1369 77
1370 81
1371 81
1372 89
1373 79
1374 82
1375 85
1376 78
1377 77
1378 82
1379 83
1380 82
1381 82
1382 78
1383 79
1384 82
1385 81
1386 78
1387 79
1388 85
1389 79
1390 79
1391 79
1392 80
1393 86
1394 81
1395 82
1396 81
1397 80
1398 80
1399 82
1400 85
1401 82
1402 85
1403 80
1404 87
1405 88
1406 83
1407 82
1408 79
1409 83
1410 87
1411 85
1412 83
1413 81
1414 78
1415 85
1416 81
1417 85
1418 85
1419 85
1420 80
1421 81
1422 84
1423 84
1424 80
1425 81
1426 81
1427 81
1428 82
1429 83
1430 84
1431 84
1432 82
1433 80
1434 83
1435 79
1436 81
1437 87
1438 82
1439 84
1440 85
1441 82
1442 83
1443 81
1444 84
1445 84
1446 87
1447 82
1448 83
1449 83
1450 87
1451 82
1452 81
1453 78
1454 87
1455 82
1456 83
1457 85
1458 83
1459 80
1460 80
1461 86
1462 81
1463 87
1464 86
1465 82
1466 82
1467 86
1468 82
1469 84
1470 82
1471 82
1472 85
1473 82
1474 83
1475 81
1476 82
1477 82
1478 80
1479 90
1480 84
1481 80
1482 84
1483 80
1484 81
1485 79
1486 82
1487 81
1488 85
1489 83
1490 84
1491 85
1492 83
1493 81
1494 80
1495 82
1496 86
1497 84
1498 81
1499 83
1500 85
1501 83
1502 82
1503 80
1504 81
1505 86
1506 84
1507 86
1508 80
1509 82
1510 85
1511 80
1512 83
1513 82
1514 82
1515 86
1516 80
1517 82
1518 80
1519 82
1520 86
1521 90
1522 80
1523 89
1524 82
1525 83
1526 84
1527 80
1528 87
1529 83
1530 85
1531 91
1532 86
1533 84
1534 83
1535 78
1536 79
1537 89
1538 90
1539 84
1540 82
1541 83
1542 85
1543 81
1544 84
1545 82
1546 88
1547 84
1548 95
1549 81
1550 78
1551 82
1552 86
1553 83
1554 83
1555 83
1556 84
1557 82
1558 84
1559 86
1560 85
1561 81
1562 82
1563 85
1564 84
1565 83
1566 82
1567 85
1568 86
1569 84
1570 86
1571 90
1572 83
1573 82
1574 81
1575 82
1576 81
1577 80
1578 80
1579 80
1580 82
1581 83
1582 82
1583 80
1584 84
1585 79
1586 79
1587 84
1588 87
1589 84
1590 79
1591 85
1592 88
1593 90
1594 92
1595 81
1596 85
1597 79
1598 80
1599 80
1600 84
1601 82
1602 82
1603 82
1604 83
1605 82
1606 85
1607 86
1608 88
1609 86
1610 89
1611 82
1612 84
1613 85
1614 82
1615 86
1616 83
1617 88
1618 84
1619 79
1620 82
1621 85
1622 82
1623 84
1624 85
1625 80
1626 85
1627 83
1628 91
1629 86
1630 83
1631 94
1632 84
1633 78
1634 78
1635 79
1636 82
1637 87
1638 88
1639 86
1640 103
1641 104
1642 81
1643 87
1644 82
1645 85
1646 82
1647 84
1648 83
1649 83
1650 96
1651 81
1652 81
1653 80
1654 82
1655 78
1656 82
1657 77
1658 84
1659 82
1660 82
1661 84
1662 78
1663 83
1664 79
1665 81
1666 82
1667 85
1668 84
1669 85
1670 82
1671 82
1672 84
1673 82
1674 85
1675 87
1676 89
1677 86
1678 83
1679 80
1680 86
1681 81
1682 82
1683 84
1684 82
1685 83
1686 81
1687 78
1688 78
1689 80
1690 79
1691 82
1692 79
1693 81
1694 83
1695 82
1696 80
1697 104
1698 104
1699 111
1700 78
1701 81
1702 82
1703 80
1704 80
1705 79
1706 85
1707 81
1708 82
1709 81
1710 82
1711 84
1712 78
1713 87
1714 81
1715 85
1716 82
1717 83
1718 95
1719 82
1720 83
1721 80
1722 80
1723 86
1724 80
1725 80
1726 80
1727 86
1728 80
1729 81
1730 80
1731 80
1732 85
1733 93
1734 80
1735 84
1736 90
1737 101
1738 86
1739 84
1740 82
1741 81
1742 79
1743 82
1744 80
1745 84
1746 81
1747 81
1748 83
1749 80
1750 78
1751 81
1752 84
1753 83
1754 80
1755 99
1756 79
1757 83
1758 78
1759 84
1760 80
1761 81
1762 84
1763 80
1764 82
1765 83
1766 85
1767 81
1768 80
1769 82
1770 80
1771 80
1772 82
1773 83
1774 84
1775 78
1776 83
1777 82
1778 82
1779 86
1780 81
1781 80
1782 84
1783 79
1784 84
1785 83
1786 83
1787 80
1788 81
1789 78
1790 82
1791 82
1792 84
1793 83
1794 81
1795 81
1796 81
1797 82
1798 83
1799 89
1800 80
1801 80
1802 80
1803 83
1804 81
1805 80
1806 79
1807 79
1808 80
1809 80
1810 80
1811 80
1812 81
1813 80
1814 81
1815 83
1816 81
1817 84
1818 79
1819 81
1820 83
1821 80
1822 85
1823 81
1824 82
1825 80
1826 82
1827 81
1828 83
1829 82
1830 81
1831 81
1832 83
1833 80
1834 80
1835 80
1836 83
1837 83
1838 80
1839 81
1840 82
1841 89
1842 77
1843 83
1844 79
1845 91
1846 81
1847 84
1848 80
1849 84
1850 85
1851 82
1852 80
1853 80
1854 83
1855 79
1856 77
1857 80
1858 84
1859 81
1860 80
1861 82
1862 78
1863 82
1864 80
1865 83
1866 82
1867 80
1868 84
1869 82
1870 82
1871 81
1872 78
1873 81
1874 79
1875 80
1876 85
1877 81
1878 81
1879 81
1880 81
1881 79
1882 85
1883 79
1884 79
1885 79
1886 81
1887 82
1888 81
1889 82
1890 81
1891 81
1892 80
1893 80
1894 81
1895 84
1896 78
1897 84
1898 81
1899 82
1900 83
1901 82
1902 81
1903 86
1904 84
1905 84
1906 84
1907 84
1908 82
1909 80
1910 76
1911 83
1912 85
1913 83
1914 79
1915 83
1916 81
1917 82
1918 83
1919 78
1920 82
1921 81
1922 81
1923 84
1924 83
1925 80
1926 85
1927 84
1928 85
1929 81
1930 81
1931 85
1932 81
1933 81
1934 81
1935 80
1936 78
1937 81
1938 83
1939 77
1940 83
1941 81
1942 81
1943 79
1944 82
1945 79
1946 80
1947 81
1948 79
1949 82
1950 81
1951 88
1952 82
1953 82
1954 78
1955 80
1956 84
1957 81
1958 82
1959 80
1960 81
1961 82
1962 81
1963 85
1964 82
1965 80
1966 88
1967 81
1968 83
1969 79
1970 81
1971 85
1972 84
1973 80
1974 79
1975 80
1976 81
1977 84
1978 82
1979 80
1980 85
1981 81
1982 84
1983 80
1984 83
1985 80
1986 83
1987 80
1988 84
1989 83
1990 85
1991 81
1992 82
1993 79
1994 84
1995 80
1996 79
1997 78
1998 81
1999 82
2000 78
2001 80
2002 80
2003 83
2004 78
2005 89
2006 86
2007 81
2008 83
2009 83
2010 81
2011 81
2012 82
2013 79
2014 84
2015 81
2016 81
2017 81
2018 80
2019 82
2020 79
2021 82
2022 79
2023 82
2024 77
2025 80
2026 82
2027 78
2028 83
2029 80
2030 79
2031 85
2032 82
2033 80
2034 77
2035 85
2036 82
2037 79
2038 78
2039 81
2040 81
2041 83
2042 84
2043 83
2044 82
2045 77
2046 81
2047 83
2048 81
2049 81
2050 83
2051 89
2052 86
2053 82
2054 79
2055 81
2056 80
2057 82
2058 84
2059 81
2060 78
2061 83
2062 80
2063 76
2064 80
2065 81
2066 80
2067 84
2068 83
2069 81
2070 81
2071 80
2072 81
2073 82
2074 87
2075 81
2076 88
2077 86
2078 83
2079 82
2080 80
2081 84
2082 82
2083 82
2084 80
2085 83
2086 80
2087 93
2088 81
2089 83
2090 81
2091 81
2092 83
2093 109
2094 80
2095 80
2096 81
2097 79
2098 82
2099 84
2100 85
2101 79
2102 84
2103 80
2104 80
2105 83
2106 83
2107 81
2108 80
2109 80
2110 87
2111 80
2112 84
2113 80
2114 80
2115 81
2116 82
2117 78
2118 79
2119 80
2120 86
2121 83
2122 84
2123 86
2124 79
2125 85
2126 84
2127 89
2128 84
2129 80
2130 82
2131 88
2132 88
2133 84
2134 81
2135 79
2136 88
2137 84
2138 87
2139 84
2140 86
2141 84
2142 85
2143 79
2144 83
2145 84
2146 82
2147 80
2148 77
2149 87
2150 79
2151 87
2152 79
2153 80
2154 92
2155 81
2156 85
2157 81
2158 84
2159 82
2160 86
2161 79
2162 87
2163 81
2164 95
2165 86
2166 82
2167 99
2168 89
2169 91
2170 86
2171 91
2172 87
2173 89
2174 85
2175 86
2176 86
2177 86
2178 86
2179 91
2180 105
2181 92
2182 86
2183 88
2184 94
2185 94
2186 94
2187 92
2188 85
2189 86
2190 95
2191 90
2192 87
2193 91
2194 94
2195 88
2196 90
2197 91
2198 86
2199 92
2200 89
2201 98
2202 88
2203 88
2204 91
2205 90
2206 90
2207 102
2208 89
2209 99
2210 102
2211 106
2212 95
2213 95
2214 101
2215 95
2216 91
2217 109
2218 97
2219 94
2220 99
2221 98
2222 96
2223 90
2224 92
2225 96
2226 97
2227 94
2228 96
2229 117
2230 93
2231 92
2232 99
2233 99
2234 93
2235 98
2236 118
2237 93
2238 91
2239 92
2240 93
2241 93
2242 97
2243 97
2244 93
2245 93
2246 101
2247 96
2248 97
2249 102
2250 92
2251 98
2252 100
2253 98
2254 92
2255 94
2256 96
2257 95
2258 95
2259 90
2260 94
2261 95
2262 91
2263 91
2264 90
2265 95
2266 110
2267 97
2268 95
2269 94
2270 94
2271 92
2272 90
2273 93
2274 91
2275 99
2276 93
2277 97
2278 94
2279 94
2280 93
2281 91
2282 91
2283 101
2284 94
2285 109
2286 92
2287 93
2288 93
2289 90
2290 94
2291 93
2292 93
2293 92
2294 94
2295 97
2296 101
2297 93
2298 92
2299 94
2300 96
2301 92
2302 93
2303 99
2304 91
2305 95
2306 95
2307 91
2308 91
2309 94
2310 96
2311 91
2312 90
2313 94
2314 94
2315 94
2316 104
2317 93
2318 91
2319 94
2320 90
2321 93
2322 95
2323 95
2324 96
2325 91
2326 96
2327 101
2328 90
2329 92
2330 92
2331 95
2332 96
2333 91
2334 93
2335 97
2336 96
2337 104
2338 91
2339 91
2340 90
2341 93
2342 92
2343 93
2344 89
2345 92
2346 99
2347 99
2348 92
2349 97
2350 93
2351 90
2352 96
2353 91
2354 92
2355 94
2356 92
2357 92
2358 98
2359 95
2360 93
2361 95
2362 93
2363 97
2364 98
2365 93
2366 94
2367 90
2368 98
2369 98
2370 91
2371 94
2372 93
2373 93
2374 95
2375 104
2376 89
2377 91
2378 111
2379 108
2380 115
2381 109
2382 107
2383 114
2384 116
2385 115
2386 117
2387 110
2388 116
2389 107
2390 112
2391 123
2392 106
2393 101
2394 86
2395 83
2396 94
2397 87
2398 91
2399 84
2400 84
2401 84
2402 87
2403 88
2404 86
2405 94
2406 86
2407 84
2408 82
2409 82
2410 83
2411 77
2412 80
2413 80
2414 83
2415 82
2416 84
2417 82
2418 91
2419 85
2420 82
2421 84
2422 83
2423 81
2424 80
2425 84
2426 80
2427 93
2428 77
2429 78
2430 82
2431 82
2432 82
2433 82
2434 81
2435 79
2436 84
2437 79
2438 84
2439 83
2440 81
2441 81
2442 85
2443 82
2444 80
2445 81
2446 78
2447 78
2448 80
2449 79
2450 86
2451 81
2452 82
2453 82
2454 82
2455 82
2456 82
2457 79
2458 84
2459 83
2460 83
2461 83
2462 82
2463 81
2464 80
2465 81
2466 83
2467 81
2468 85
2469 84
2470 81
2471 82
2472 84
2473 86
2474 82
2475 87
2476 77
2477 81
2478 82
2479 81
2480 80
2481 81
2482 83
2483 80
2484 85
2485 85
2486 79
2487 83
2488 79
2489 78
2490 81
2491 81
2492 82
2493 77
2494 83
2495 80
2496 85
2497 83
2498 78
2499 79
2500 83
2501 80
2502 80
2503 79
2504 82
2505 80
2506 83
2507 79
2508 88
2509 78
2510 83
2511 81
2512 82
2513 81
2514 78
2515 79
2516 82
2517 77
2518 87
2519 81
2520 86
2521 79
2522 79
2523 80
2524 81
2525 81
2526 88
2527 79
2528 77
2529 81
2530 81
2531 84
2532 84
2533 83
2534 80
2535 78
2536 81
2537 81
2538 79
2539 80
2540 78
2541 80
2542 78
2543 81
2544 85
2545 80
2546 80
2547 82
2548 81
2549 80
2550 82
2551 82
2552 80
2553 80
2554 82
2555 81
2556 83
2557 80
2558 81
2559 80
2560 81
2561 85
2562 80
2563 86
2564 78
2565 82
2566 79
2567 89
2568 80
2569 82
2570 79
2571 79
2572 83
2573 84
2574 79
2575 82
2576 80
2577 81
2578 78
2579 83
2580 88
2581 79
2582 84
2583 78
2584 82
2585 82
2586 78
2587 83
2588 81
2589 81
2590 87
2591 80
2592 79
2593 82
2594 83
2595 77
2596 82
2597 80
2598 80
2599 79
2600 81
2601 80
2602 83
2603 82
2604 81
2605 80
2606 82
2607 82
2608 83
2609 78
2610 81
2611 84
2612 83
2613 86
2614 81
2615 77
2616 79
2617 83
2618 79
2619 83
2620 84
2621 83
2622 85
2623 81
2624 79
2625 91
2626 80
2627 79
2628 84
2629 81
2630 80
2631 79
2632 81
2633 82
2634 81
2635 77
2636 87
2637 88
2638 80
2639 77
2640 83
2641 80
2642 80
2643 80
2644 83
2645 81
2646 85
2647 81
2648 80
2649 82
2650 83
2651 79
2652 82
2653 78
2654 81
2655 86
2656 79
2657 80
2658 89
2659 99
2660 82
2661 82
2662 83
2663 80
2664 80
2665 81
2666 78
2667 86
2668 83
2669 83
2670 79
2671 85
2672 79
2673 79
2674 81
2675 81
2676 80
2677 80
2678 80
2679 83
2680 84
2681 82
2682 82
2683 80
2684 85
2685 85
2686 82
2687 90
2688 81
2689 80
2690 82
2691 83
2692 82
2693 84
2694 81
2695 79
2696 80
2697 80
2698 80
2699 80
2700 86
2701 79
2702 79
2703 84
2704 87
2705 83
2706 81
2707 85
2708 81
2709 81
2710 79
2711 82
2712 81
2713 83
2714 84
2715 82
2716 91
2717 84
2718 79
2719 80
2720 81
2721 78
2722 84
2723 79
2724 79
2725 86
2726 81
2727 81
2728 78
2729 84
2730 84
2731 81
2732 80
2733 84
2734 79
2735 83
2736 79
2737 80
2738 81
2739 79
2740 81
2741 83
2742 82
2743 81
2744 84
2745 82
2746 80
2747 84
2748 77
2749 80
2750 80
2751 91
2752 80
2753 80
2754 82
2755 81
2756 81
2757 84
2758 79
2759 80
2760 83
2761 82
2762 83
2763 106
2764 78
2765 83
2766 84
2767 85
2768 85
2769 78
2770 81
2771 85
2772 80
2773 82
2774 80
2775 83
2776 79
2777 81
2778 79
2779 81
2780 79
2781 80
2782 79
2783 81
2784 78
2785 79
2786 79
2787 79
2788 78
2789 81
2790 79
2791 81
2792 85
2793 84
2794 79
2795 77
2796 83
2797 81
2798 78
2799 83
2800 82
2801 81
2802 82
2803 81
2804 89
2805 82
2806 82
2807 81
2808 83
2809 80
2810 87
2811 82
2812 82
2813 83
2814 82
2815 87
2816 81
2817 82
2818 80
2819 81
2820 79
2821 81
2822 84
2823 82
2824 82
2825 80
2826 81
2827 79
2828 82
2829 80
2830 77
2831 80
2832 82
2833 80
2834 81
2835 79
2836 82
2837 80
2838 79
2839 81
2840 80
2841 80
2842 82
2843 79
2844 78
2845 83
2846 80
2847 80
2848 80
2849 80
2850 79
2851 81
2852 83
2853 79
2854 81
2855 79
2856 82
2857 84
2858 81
2859 86
2860 83
2861 82
2862 80
2863 80
2864 83
2865 81
2866 80
2867 79
2868 80
2869 88
2870 87
2871 80
2872 81
2873 80
2874 83
2875 84
2876 81
2877 78
2878 80
2879 76
2880 82
2881 86
2882 81
2883 80
2884 81
2885 82
2886 80
2887 82
2888 80
2889 81
2890 79
2891 80
2892 79
2893 79
2894 84
2895 91
2896 80
2897 79
2898 77
2899 82
2900 81
2901 81
2902 85
2903 81
2904 78
2905 79
2906 84
2907 81
2908 83
2909 83
2910 82
2911 81
2912 80
2913 78
2914 82
2915 82
2916 83
2917 82
2918 80
2919 81
2920 82
2921 80
2922 79
2923 81
2924 79
2925 77
2926 80
2927 83
2928 84
2929 80
2930 83
2931 80
2932 83
2933 80
2934 81
2935 81
2936 83
2937 80
2938 81
2939 79
2940 88
2941 86
2942 79
2943 83
2944 82
2945 84
2946 80
2947 79
2948 80
2949 81
2950 84
2951 82
2952 80
2953 80
2954 80
2955 82
2956 81
2957 80
2958 80
2959 80
2960 81
2961 77
2962 83
2963 78
2964 79
2965 80
2966 78
2967 80
2968 79
2969 79
2970 81
2971 82
2972 81
2973 82
2974 82
2975 80
2976 80
2977 81
2978 85
2979 85
2980 87
2981 81
2982 79
2983 79
2984 78
2985 79
2986 80
2987 79
2988 80
2989 85
2990 83
2991 83
2992 84
2993 81
2994 81
2995 81
2996 80
2997 83
2998 83
2999 86
3000 85
3001 80
3002 82
3003 81
3004 79
3005 79
3006 82
3007 85
3008 81
3009 78
3010 82
3011 84
3012 77
3013 82
3014 86
3015 82
3016 81
3017 79
3018 81
3019 82
3020 79
3021 82
3022 82
3023 80
3024 80
3025 81
3026 82
3027 82
3028 82
3029 83
3030 79
3031 79
3032 80
3033 83
3034 81
3035 85
3036 84
3037 77
3038 82
3039 80
3040 83
3041 78
3042 80
3043 82
3044 82
3045 79
3046 84
3047 81
3048 82
3049 78
3050 81
3051 79
3052 83
3053 81
3054 83
3055 82
3056 84
3057 82
3058 84
3059 83
3060 80
3061 83
3062 80
3063 77
3064 82
3065 81
3066 89
3067 80
3068 80
3069 80
3070 88
3071 79
3072 80
3073 81
3074 77
3075 80
3076 87
3077 89
3078 82
3079 79
3080 82
3081 80
3082 83
3083 79
3084 82
3085 83
3086 82
3087 81
3088 82
3089 79
3090 85
3091 81
3092 79
3093 80
3094 79
3095 80
3096 81
3097 82
3098 76
3099 82
3100 78
3101 87
3102 78
3103 83
3104 86
3105 80
3106 81
3107 77
3108 80
3109 82
3110 80
3111 84
3112 82
3113 82
3114 80
3115 80
3116 83
3117 81
3118 82
3119 82
3120 79
3121 82
3122 80
3123 80
3124 82
3125 89
3126 80
3127 81
3128 80
3129 88
3130 82
3131 79
3132 79
3133 82
3134 82
3135 80
3136 81
3137 81
3138 95
3139 83
3140 83
3141 84
3142 85
3143 80
3144 83
3145 81
3146 81
3147 80
3148 82
3149 99
3150 89
3151 102
3152 83
3153 84
3154 85
3155 81
3156 83
3157 87
3158 83
3159 80
3160 81
3161 81
3162 79
3163 89
3164 80
3165 81
3166 83
3167 80
3168 86
3169 81
3170 83
3171 88
3172 79
3173 85
3174 80
3175 86
3176 85
3177 86
3178 82
3179 82
3180 82
3181 82
3182 81
3183 81
3184 88
3185 82
3186 85
3187 80
3188 83
3189 76
3190 80
3191 84
3192 80
3193 79
3194 80
3195 81
3196 81
3197 85
3198 87
3199 81
3200 81
3201 80
3202 81
3203 80
3204 82
3205 85
3206 79
3207 80
3208 82
3209 81
3210 79
3211 82
3212 79
3213 80
3214 94
3215 87
3216 82
3217 85
3218 82
3219 77
3220 81
3221 84
3222 80
3223 82
3224 84
3225 81
3226 80
3227 81
3228 84
3229 80
3230 80
3231 83
3232 84
3233 79
3234 80
3235 81
3236 80
3237 79
3238 79
3239 82
3240 80
3241 79
3242 80
3243 82
3244 81
3245 79
3246 81
3247 79
3248 79
3249 82
3250 80
3251 82
3252 82
3253 80
3254 82
3255 79
3256 85
3257 82
3258 85
3259 80
3260 82
3261 84
3262 85
3263 79
3264 82
3265 84
3266 82
3267 87
3268 80
3269 88
3270 82
3271 82
3272 79
3273 82
3274 81
3275 80
3276 81
3277 83
3278 79
3279 78
3280 79
3281 79
3282 82
3283 78
3284 89
3285 82
3286 79
3287 83
3288 85
3289 83
3290 91
3291 81
3292 84
3293 87
3294 82
3295 80
3296 83
3297 78
3298 86
3299 83
3300 86
3301 87
3302 83
3303 84
3304 85
3305 81
3306 80
3307 81
3308 80
3309 81
3310 82
3311 81
3312 83
3313 84
3314 82
3315 80
3316 82
3317 82
3318 83
3319 83
3320 83
3321 81
3322 78
3323 84
3324 84
3325 83
3326 81
3327 80
3328 86
3329 82
3330 88
3331 81
3332 80
3333 77
3334 79
3335 81
3336 81
3337 87
3338 81
3339 86
3340 88
3341 87
3342 85
3343 82
3344 82
3345 85
3346 80
3347 87
3348 81
3349 83
3350 82
3351 80
3352 81
3353 82
3354 79
3355 82
3356 80
3357 79
3358 84
3359 81
3360 91
3361 84
3362 83
3363 81
3364 81
3365 85
3366 83
3367 81
3368 101
3369 103
3370 84
3371 83
3372 86
3373 81
3374 89
3375 83
3376 85
3377 87
3378 84
3379 87
3380 82
3381 89
3382 97
3383 87
3384 80
3385 84
3386 81
3387 83
3388 82
3389 81
3390 82
3391 84
3392 80
3393 82
3394 83
3395 81
3396 84
3397 81
3398 82
3399 82
3400 82
3401 78
3402 82
3403 83
3404 83
3405 91
3406 80
3407 84
3408 81
3409 81
3410 83
3411 79
3412 85
3413 78
3414 80
3415 81
3416 81
3417 85
3418 115
3419 102
3420 114
3421 80
3422 80
3423 81
3424 79
3425 80
3426 81
3427 93
3428 79
3429 82
3430 86
3431 78
3432 83
3433 82
3434 78
3435 80
3436 83
3437 82
3438 81
3439 86
3440 80
3441 80
3442 77
3443 86
3444 81
3445 110
3446 84
3447 85
3448 83
3449 81
3450 81
3451 83
3452 83
3453 80
3454 84
3455 82
3456 84
3457 85
3458 84
3459 81
3460 80
3461 80
3462 77
3463 78
3464 80
3465 81
3466 82
3467 78
3468 86
3469 79
3470 79
3471 77
3472 81
3473 81
3474 78
3475 81
3476 77
3477 84
3478 80
3479 79
3480 83
3481 80
3482 81
3483 79
3484 83
3485 80
3486 77
3487 84
3488 80
3489 86
3490 82
3491 82
3492 86
3493 84
3494 82
3495 79
3496 80
3497 93
3498 82
3499 81
3500 81
3501 79
3502 86
3503 80
3504 85
3505 81
3506 82
3507 84
3508 80
3509 79
3510 83
3511 79
3512 83
3513 88
3514 78
3515 83
3516 79
3517 79
3518 84
3519 82
3520 81
3521 82
3522 84
3523 85
3524 82
3525 81
3526 86
3527 78
3528 81
3529 79
3530 83
3531 80
3532 85
3533 82
3534 81
3535 82
3536 79
3537 83
3538 82
3539 82
3540 80
3541 83
3542 79
3543 78
3544 85
3545 81
3546 85
3547 82
3548 79
3549 83
3550 81
3551 81
3552 79
3553 79
3554 87
3555 83
3556 87
3557 82
3558 83
3559 84
3560 84
3561 80
3562 85
3563 80
3564 80
3565 82
3566 79
3567 89
3568 78
3569 79
3570 81
3571 81
3572 82
3573 81
3574 81
3575 85
3576 79
3577 80
3578 82
3579 81
3580 79
3581 83
3582 81
3583 79
3584 80
3585 82
3586 80
3587 81
3588 79
3589 83
3590 81
3591 81
3592 81
3593 79
3594 80
3595 85
3596 81
3597 83
3598 80
3599 80
3600 81
3601 81
3602 88
3603 82
3604 80
3605 80
3606 81
3607 79
3608 88
3609 82
3610 82
3611 81
3612 80
3613 80
3614 82
3615 82
3616 83
3617 79
3618 78
3619 77
3620 84
3621 82
3622 81
3623 83
3624 78
3625 85
3626 82
3627 79
3628 82
3629 83
3630 83
3631 79
3632 83
3633 79
3634 79
3635 85
3636 80
3637 82
3638 80
3639 79
3640 84
3641 79
3642 80
3643 81
3644 81
3645 84
3646 79
3647 84
3648 81
3649 83
3650 84
3651 81
3652 78
3653 79
3654 82
3655 81
3656 81
3657 81
3658 83
3659 81
3660 80
3661 80
3662 80
3663 83
3664 79
3665 80
3666 86
3667 87
3668 85
3669 82
3670 83
3671 82
3672 81
3673 82
3674 86
3675 88
3676 78
3677 79
3678 80
3679 82
3680 80
3681 82
3682 81
3683 80
3684 85
3685 80
3686 80
3687 83
3688 84
3689 83
3690 82
3691 79
3692 79
3693 79
3694 78
3695 81
3696 79
3697 79
3698 81
3699 80
3700 82
3701 81
3702 84
3703 83
3704 80
3705 81
3706 84
3707 78
3708 83
3709 79
3710 82
3711 82
3712 80
3713 84
3714 80
3715 82
3716 80
3717 82
3718 82
3719 86
3720 80
3721 85
3722 80
3723 83
3724 80
3725 82
3726 81
3727 80
3728 82
3729 82
3730 83
3731 80
3732 79
3733 84
3734 79
3735 82
3736 80
3737 81
3738 80
3739 81
3740 84
3741 82
3742 84
3743 85
3744 79
3745 81
3746 85
3747 81
3748 87
3749 82
3750 80
3751 84
3752 81
3753 80
3754 78
3755 81
3756 81
3757 80
3758 82
3759 81
3760 81
3761 80
3762 91
3763 82
3764 78
3765 84
3766 81
3767 79
3768 83
3769 82
3770 82
3771 84
3772 82
3773 78
3774 79
3775 82
3776 81
3777 79
3778 81
3779 78
3780 87
3781 82
3782 82
3783 87
3784 83
3785 81
3786 80
3787 85
3788 82
3789 98
3790 83
3791 81
3792 81
3793 79
3794 82
3795 82
3796 81
3797 80
3798 83
3799 88
3800 80
3801 81
3802 79
3803 87
3804 83
3805 80
3806 82
3807 83
3808 81
3809 81
3810 78
3811 84
3812 80
3813 85
3814 80
3815 84
3816 84
3817 83
3818 81
3819 80
3820 81
3821 84
3822 83
3823 81
3824 80
3825 82
3826 82
3827 78
3828 79
3829 82
3830 79
3831 80
3832 83
3833 81
3834 81
3835 81
3836 81
3837 80
3838 84
3839 78
3840 80
3841 82
3842 78
3843 87
3844 85
3845 79
3846 79
3847 82
3848 83
3849 87
3850 88
3851 80
3852 82
3853 82
3854 78
3855 82
3856 83
3857 79
3858 85
3859 80
3860 80
3861 80
3862 81
3863 79
3864 81
3865 83
3866 79
3867 80
3868 79
3869 83
3870 85
3871 82
3872 80
3873 86
3874 84
3875 80
3876 89
3877 82
3878 80
3879 80
3880 81
3881 80
3882 85
3883 83
3884 83
3885 80
3886 81
3887 78
3888 80
3889 82
3890 80
3891 82
3892 77
3893 83
3894 84
3895 81
3896 83
3897 78
3898 80
3899 82
3900 83
3901 81
3902 82
3903 81
3904 84
3905 79
3906 80
3907 80
3908 80
3909 82
3910 84
3911 80
3912 81
3913 81
3914 85
3915 79
3916 79
3917 80
3918 79
3919 80
3920 79
3921 81
3922 82
3923 80
3924 81
3925 82
3926 82
3927 82
3928 83
3929 82
3930 80
3931 81
3932 80
3933 86
3934 79
3935 90
3936 82
3937 84
3938 80
3939 82
3940 80
3941 80
3942 80
3943 77
3944 82
3945 82
3946 81
3947 82
3948 82
3949 84
3950 80
3951 80
3952 84
3953 81
3954 79
3955 81
3956 81
3957 82
3958 84
3959 82
3960 86
3961 79
3962 83
3963 79
3964 81
3965 81
3966 80
3967 80
3968 79
3969 80
3970 82
3971 79
3972 82
3973 81
3974 81
3975 85
3976 79
3977 82
3978 79
3979 79
3980 81
3981 81
3982 80
3983 89
3984 81
3985 79
3986 78
3987 80
3988 83
3989 81
3990 81
3991 83
3992 78
3993 82
3994 81
3995 81
3996 81
3997 82
3998 78
3999 81
4000 88
4001 80
4002 80
4003 81
4004 81
4005 79
4006 81
4007 82
4008 81
4009 80
4010 81
4011 82
4012 80
4013 79
4014 78
4015 82
4016 83
4017 80
4018 85
4019 83
4020 80
4021 82
4022 80
4023 88
4024 83
4025 83
4026 81
4027 79
4028 81
4029 80
4030 80
4031 82
4032 84
4033 89
4034 79
4035 81
4036 81
4037 84
4038 81
4039 81
4040 81
4041 80
4042 82
4043 78
4044 85
4045 83
4046 82
4047 85
4048 80
4049 81
4050 90
4051 80
4052 82
4053 80
4054 82
4055 79
4056 85
4057 81
4058 82
4059 80
4060 81
4061 82
4062 77
4063 78
4064 81
4065 79
4066 79
4067 81
4068 79
4069 79
4070 87
4071 81
4072 87
4073 82
4074 81
4075 82
4076 83
4077 83
4078 80
4079 86
4080 81
4081 82
4082 81
4083 80
4084 81
4085 79
4086 83
4087 84
4088 79
4089 80
4090 81
4091 80
4092 78
4093 84
4094 82
4095 85
4096 82
4097 80
4098 81
4099 81
4100 82
4101 79
4102 79
4103 83
4104 89
4105 87
4106 79
4107 86
4108 82
4109 80
4110 81
4111 82
4112 81
4113 81
4114 81
4115 80
4116 82
4117 78
4118 80
4119 86
4120 82
4121 85
4122 78
4123 84
4124 80
4125 78
4126 81
4127 88
4128 80
4129 77
4130 80
4131 82
4132 85
4133 86
4134 83
4135 82
4136 83
4137 80
4138 82
4139 85
4140 84
4141 82
4142 81
4143 82
4144 79
4145 80
4146 79
4147 79
4148 78
4149 83
4150 84
4151 80
4152 96
4153 108
4154 106
4155 90
4156 100
4157 107
4158 107
4159 107
4160 101
4161 80
4162 81
4163 80
4164 85
4165 82
4166 81
4167 82
4168 82
4169 83
4170 80
4171 88
4172 81
4173 81
4174 80
4175 80
4176 81
4177 85
4178 80
4179 81
4180 85
4181 82
4182 84
4183 85
4184 81
4185 81
4186 79
4187 88
4188 82
4189 81
4190 83
4191 82
4192 85
4193 90
4194 84
4195 89
4196 79
4197 83
4198 82
4199 79
4200 79
4201 87
4202 80
4203 80
4204 78
4205 80
4206 81
4207 86
4208 86
4209 84
4210 81
4211 83
4212 86
4213 81
4214 82
4215 84
4216 86
4217 86
4218 82
4219 83
4220 82
4221 84
4222 93
4223 83
4224 79
4225 81
4226 78
4227 81
4228 89
4229 86
4230 83
4231 82
4232 80
4233 77
4234 80
4235 78
4236 80
4237 83
4238 83
4239 80
4240 84
4241 82
4242 80
4243 83
4244 82
4245 79
4246 83
4247 81
4248 81
4249 84
4250 91
4251 80
4252 83
4253 81
4254 83
4255 78
4256 78
4257 79
4258 80
4259 84
4260 81
4261 79
4262 81
4263 82
4264 108
4265 86
4266 82
4267 81
4268 81
4269 84
4270 79
4271 81
4272 82
4273 85
4274 83
4275 78
4276 85
4277 81
4278 90
4279 79
4280 84
4281 82
4282 83
4283 78
4284 82
4285 79
4286 81
4287 83
4288 81
4289 81
4290 79
4291 86
4292 80
4293 81
4294 82
4295 81
4296 87
4297 82
4298 82
4299 82
4300 82
4301 81
4302 84
4303 85
4304 83
4305 85
4306 81
4307 79
4308 81
4309 79
4310 81
4311 82
4312 80
4313 81
4314 79
4315 79
4316 81
4317 80
4318 82
4319 80
4320 82
4321 81
4322 82
4323 84
4324 81
4325 81
4326 80
4327 82
4328 83
4329 80
4330 80
4331 80
4332 79
4333 82
4334 80
4335 84
4336 82
4337 80
4338 79
4339 81
4340 84
4341 80
4342 80
4343 85
4344 80
4345 82
4346 82
4347 80
4348 83
4349 81
4350 84
4351 84
4352 79
4353 80
4354 81
4355 83
4356 79
4357 82
4358 84
4359 81
4360 82
4361 81
4362 84
4363 79
4364 81
4365 83
4366 88
4367 81
4368 78
4369 82
4370 80
4371 85
4372 81
4373 83
4374 85
4375 79
4376 79
4377 81
4378 79
4379 81
4380 82
4381 81
4382 79
4383 80
4384 80
4385 82
4386 79
4387 82
4388 79
4389 79
4390 79
4391 81
4392 81
4393 82
4394 80
4395 78
4396 79
4397 83
4398 82
4399 82
4400 81
4401 80
4402 78
4403 83
4404 84
4405 81
4406 80
4407 84
4408 80
4409 80
4410 81
4411 81
4412 81
4413 78
4414 84
4415 79
4416 83
4417 81
4418 80
4419 79
4420 82
4421 78
4422 82
4423 84
4424 82
4425 82
4426 86
4427 79
4428 83
4429 80
4430 81
4431 83
4432 80
4433 82
4434 86
4435 80
4436 83
4437 88
4438 80
4439 86
4440 82
4441 80
4442 79
4443 81
4444 81
4445 81
4446 78
4447 80
4448 88
4449 83
4450 82
4451 79
4452 81
4453 75
4454 82
4455 81
4456 78
4457 82
4458 81
4459 83
4460 79
4461 87
4462 87
4463 82
4464 80
4465 80
4466 79
4467 82
4468 83
4469 81
4470 79
4471 86
4472 80
4473 81
4474 82
4475 77
4476 77
4477 80
4478 81
4479 84
4480 79
4481 82
4482 80
4483 80
4484 78
4485 79
4486 81
4487 79
4488 80
4489 81
4490 86
4491 79
4492 80
4493 83
4494 84
4495 80
4496 82
4497 79
4498 79
4499 78
4500 83
4501 81
4502 82
4503 80
4504 80
4505 85
4506 80
4507 81
4508 81
4509 83
4510 82
4511 81
4512 79
4513 82
4514 79
4515 82
4516 79
4517 81
4518 84
4519 79
4520 86
4521 85
4522 80
4523 83
4524 81
4525 79
4526 80
4527 80
4528 80
4529 85
4530 79
4531 79
4532 85
4533 80
4534 83
4535 83
4536 82
4537 81
4538 81
4539 80
4540 80
4541 85
4542 82
4543 83
4544 82
4545 91
4546 86
4547 85
4548 79
4549 79
4550 84
4551 85
4552 85
4553 81
4554 84
4555 86
4556 85
4557 83
4558 82
4559 82
4560 81
4561 84
4562 81
4563 92
4564 83
4565 84
4566 84
4567 89
4568 86
4569 86
4570 82
4571 84
4572 83
4573 86
4574 80
4575 88
4576 83
4577 81
4578 80
4579 81
4580 87
4581 86
4582 88
4583 81
4584 85
4585 80
4586 83
4587 83
4588 81
4589 88
4590 81
4591 81
4592 83
4593 82
4594 80
4595 82
4596 88
4597 83
4598 82
4599 84
4600 79
4601 79
4602 80
4603 88
4604 90
4605 84
4606 86
4607 84
4608 81
4609 83
4610 84
4611 90
4612 82
4613 80
4614 81
4615 77
4616 81
4617 85
4618 86
4619 80
4620 80
4621 80
4622 78
4623 80
4624 87
4625 82
4626 82
4627 82
4628 81
4629 82
4630 80
4631 81
4632 82
4633 89
4634 82
4635 79
4636 82
4637 86
4638 86
4639 86
4640 88
4641 83
4642 83
4643 86
4644 83
4645 82
4646 81
4647 84
4648 92
4649 81
4650 82
4651 81
4652 77
4653 80
4654 86
4655 88
4656 85
4657 80
4658 79
4659 81
4660 80
4661 79
4662 81
4663 80
4664 79
4665 86
4666 90
4667 78
4668 80
4669 83
4670 86
4671 80
4672 86
4673 85
4674 80
4675 80
4676 79
4677 83
4678 80
4679 79
4680 81
4681 84
4682 84
4683 88
4684 80
4685 81
4686 87
4687 87
4688 84
4689 83
4690 81
4691 82
4692 83
4693 85
4694 82
4695 83
4696 82
4697 80
4698 82
4699 83
4700 85
4701 80
4702 90
4703 80
4704 85
4705 84
4706 82
4707 85
4708 81
4709 86
4710 78
4711 83
4712 81
4713 80
4714 83
4715 80
4716 85
4717 83
4718 84
4719 84
4720 81
4721 81
4722 85
4723 81
4724 84
4725 82
4726 84
4727 88
4728 81
4729 79
4730 82
4731 83
4732 85
4733 81
4734 88
4735 83
4736 82
4737 80
4738 81
4739 89
4740 82
4741 87
4742 84
4743 84
4744 84
4745 84
4746 81
4747 82
4748 83
4749 85
4750 84
4751 80
4752 86
4753 82
4754 82
4755 81
4756 83
4757 81
4758 82
4759 82
4760 84
4761 82
4762 84
4763 84
4764 85
4765 80
4766 88
4767 82
4768 86
4769 86
4770 81
4771 89
4772 82
4773 86
4774 83
4775 81
4776 80
4777 83
4778 81
4779 83
4780 79
4781 82
4782 84
4783 78
4784 82
4785 83
4786 81
4787 80
4788 84
4789 89
4790 81
4791 85
4792 81
4793 81
4794 83
4795 82
4796 84
4797 80
4798 81
4799 80
4800 85
4801 83
4802 84
4803 81
4804 81
4805 82
4806 82
4807 85
4808 95
4809 82
4810 92
4811 82
4812 81
4813 79
4814 85
4815 80
4816 88
4817 79
4818 80
4819 79
4820 84
4821 85
4822 87
4823 87
4824 85
4825 79
4826 79
4827 82
4828 83
4829 80
4830 81
4831 79
4832 81
4833 87
4834 79
4835 84
4836 83
4837 84
4838 79
4839 82
4840 87
4841 81
4842 82
4843 81
4844 90
4845 86
4846 83
4847 81
4848 78
4849 83
4850 85
4851 79
4852 82
4853 82
4854 86
4855 86
4856 80
4857 81
4858 86
4859 86
4860 79
4861 84
4862 87
4863 87
4864 83
4865 82
4866 83
4867 85
4868 85
4869 84
4870 81
4871 83
4872 83
4873 79
4874 79
4875 80
4876 80
4877 87
4878 87
4879 80
4880 80
4881 80
4882 81
4883 87
4884 80
4885 86
4886 86
4887 80
4888 81
4889 81
4890 83
4891 84
4892 77
4893 81
4894 82
4895 85
4896 85
4897 86
4898 81
4899 82
4900 82
4901 78
4902 84
4903 81
4904 85
4905 79
4906 79
4907 80
4908 81
4909 88
4910 82
4911 84
4912 87
4913 87
4914 83
4915 83
4916 85
4917 78
4918 79
4919 80
4920 82
4921 82
4922 89
4923 78
4924 84
4925 88
4926 84
4927 85
4928 84
4929 88
4930 84
4931 84
4932 83
4933 83
4934 81
4935 78
4936 82
4937 86
4938 83
4939 83
4940 84
4941 82
4942 82
4943 79
4944 87
4945 84
4946 85
4947 83
4948 86
4949 85
4950 95
4951 84
4952 89
4953 84
4954 79
4955 81
4956 87
4957 87
4958 78
4959 77
4960 80
4961 82
4962 79
4963 80
4964 81
4965 80
4966 83
4967 80
4968 84
4969 86
4970 80
4971 79
4972 82
4973 79
4974 82
4975 78
4976 81
4977 80
4978 81
4979 79
4980 83
4981 83
4982 81
4983 83
4984 81
4985 82
4986 82
4987 79
4988 82
4989 81
4990 81
4991 83
4992 80
4993 79
4994 83
4995 81
4996 85
4997 78
4998 82
4999 82
5000 85
5001 77
5002 81
5003 83
5004 81
5005 80
5006 81
5007 81
5008 82
5009 79
5010 81
5011 81
5012 80
5013 86
5014 86
5015 80
5016 81
5017 80
5018 85
5019 82
5020 82
5021 79
5022 81
5023 83
5024 83
5025 84
5026 83
5027 86
5028 85
5029 79
5030 82
5031 79
5032 81
5033 84
5034 79
5035 80
5036 78
5037 81
5038 86
5039 81
5040 82
5041 80
5042 81
5043 80
5044 84
5045 80
5046 79
5047 82
5048 83
5049 81
5050 82
5051 83
5052 77
5053 79
5054 80
5055 77
5056 82
5057 82
5058 85
5059 82
5060 81
5061 80
5062 81
5063 83
5064 82
5065 80
5066 79
5067 81
5068 78
5069 82
5070 83
5071 80
5072 87
5073 80
5074 80
5075 88
5076 83
5077 82
5078 79
5079 81
5080 79
5081 78
5082 80
5083 83
5084 79
5085 85
5086 87
5087 87
5088 79
5089 81
5090 78
5091 83
5092 80
5093 84
5094 80
5095 81
5096 82
5097 79
5098 80
5099 79
5100 80
5101 84
5102 78
5103 81
5104 79
5105 81
5106 81
5107 81
5108 80
5109 80
5110 82
5111 79
5112 82
5113 81
5114 81
5115 83
5116 83
5117 79
5118 79
5119 84
5120 79
5121 84
5122 79
5123 85
5124 80
5125 81
5126 85
5127 79
5128 80
5129 86
5130 80
5131 82
5132 82
5133 78
5134 84
5135 84
5136 81
5137 83
5138 80
5139 80
5140 84
5141 81
5142 80
5143 82
5144 78
5145 79
5146 83
5147 81
5148 78
5149 83
5150 83
5151 79
5152 80
5153 78
5154 82
5155 79
5156 81
5157 85
5158 87
5159 81
5160 85
5161 82
5162 80
5163 81
5164 81
5165 79
5166 82
5167 82
5168 79
5169 80
5170 82
5171 79
5172 83
5173 80
5174 84
5175 93
5176 80
5177 84
5178 80
5179 92
5180 83
5181 79
5182 80
5183 80
5184 81
5185 78
5186 81
5187 83
5188 85
5189 83
5190 79
5191 89
5192 80
5193 82
5194 82
5195 82
5196 81
5197 79
5198 81
5199 78
5200 82
5201 82
5202 81
5203 82
5204 83
5205 82
5206 84
5207 80
5208 80
5209 106
5210 80
5211 81
5212 82
5213 83
5214 82
5215 82
5216 83
5217 82
5218 80
5219 79
5220 82
5221 84
5222 81
5223 85
5224 88
5225 87
5226 83
5227 84
5228 91
5229 86
5230 80
5231 91
5232 81
5233 82
5234 84
5235 80
5236 85
5237 85
5238 83
5239 86
5240 86
5241 84
5242 79
5243 81
5244 79
5245 84
5246 89
5247 83
5248 82
5249 84
5250 79
5251 83
5252 81
5253 87
5254 82
5255 83
5256 87
5257 85
5258 84
5259 80
5260 83
5261 79
5262 80
5263 79
5264 84
5265 85
5266 82
5267 80
5268 81
5269 80
5270 84
5271 84
5272 82
5273 81
5274 79
5275 86
5276 85
5277 81
5278 79
5279 82
5280 85
5281 82
5282 87
5283 88
5284 82
5285 87
5286 86
5287 85
5288 83
5289 85
5290 83
5291 81
5292 81
5293 81
5294 85
5295 84
5296 82
5297 82
5298 85
5299 84
5300 81
5301 79
5302 81
5303 85
5304 89
5305 81
5306 82
5307 82
5308 86
5309 86
5310 83
5311 84
5312 80
5313 81
5314 82
5315 81
5316 83
5317 81
5318 84
5319 84
5320 89
5321 81
5322 88
5323 80
5324 83
5325 78
5326 81
5327 85
5328 80
5329 84
5330 78
5331 81
5332 80
5333 80
5334 81
5335 82
5336 85
5337 84
5338 82
5339 86
5340 83
5341 80
5342 82
5343 85
5344 79
5345 79
5346 80
5347 80
5348 87
5349 83
5350 83
5351 79
5352 83
5353 83
5354 81
5355 82
5356 80
5357 79
5358 82
5359 82
5360 82
5361 81
5362 82
5363 78
5364 79
5365 79
5366 80
5367 86
5368 81
5369 83
5370 85
5371 80
5372 78
5373 79
5374 81
5375 85
5376 82
5377 86
5378 78
5379 83
5380 80
5381 80
5382 79
5383 80
5384 82
5385 82
5386 87
5387 85
5388 83
5389 78
5390 81
5391 79
5392 80
5393 82
5394 81
5395 77
5396 81
5397 82
5398 81
5399 81
5400 84
5401 77
5402 82
5403 79
5404 80
5405 80
5406 80
5407 77
5408 78
5409 83
5410 79
5411 81
5412 81
5413 81
5414 80
5415 81
5416 84
5417 77
5418 80
5419 78
5420 82
5421 80
5422 79
5423 79
5424 80
5425 86
5426 85
5427 78
5428 79
5429 79
5430 80
5431 85
5432 82
5433 86
5434 78
5435 86
5436 79
5437 78
5438 87
5439 82
5440 82
5441 78
5442 82
5443 81
5444 81
5445 83
5446 81
5447 80
5448 81
5449 80
5450 80
5451 82
5452 81
5453 86
5454 80
5455 80
5456 84
5457 81
5458 80
5459 84
5460 82
5461 83
5462 80
5463 82
5464 82
5465 80
5466 82
5467 82
5468 81
5469 91
5470 80
5471 82
5472 81
5473 84
5474 84
5475 81
5476 83
5477 81
5478 80
5479 81
5480 79
5481 83
5482 82
5483 82
5484 79
5485 78
5486 81
5487 84
5488 82
5489 78
5490 87
5491 83
5492 77
5493 78
5494 76
5495 80
5496 84
5497 87
5498 78
5499 81
5500 79
5501 83
5502 80
5503 80
5504 80
5505 81
5506 83
5507 83
5508 80
5509 79
5510 82
5511 78
5512 87
5513 82
5514 83
5515 80
5516 78
5517 83
5518 80
5519 82
5520 86
5521 87
5522 80
5523 87
5524 83
5525 80
5526 81
5527 81
5528 82
5529 78
5530 81
5531 83
5532 81
5533 81
5534 80
5535 83
5536 81
5537 78
5538 79
5539 79
5540 78
5541 85
5542 87
5543 84
5544 84
5545 82
5546 85
5547 81
5548 82
5549 83
5550 82
5551 78
5552 81
5553 78
5554 81
5555 83
5556 93
5557 80
5558 86
5559 81
5560 81
5561 79
5562 79
5563 85
5564 81
5565 80
5566 80
5567 84
5568 81
5569 80
5570 83
5571 79
5572 81
5573 80
5574 79
5575 79
5576 80
5577 82
5578 82
5579 78
5580 80
5581 81
5582 82
5583 81
5584 83
5585 83
5586 81
5587 82
5588 83
5589 83
5590 80
5591 79
5592 79
5593 79
5594 82
5595 83
5596 81
5597 83
5598 79
5599 81
5600 86
5601 83
5602 79
5603 86
5604 81
5605 82
5606 90
5607 82
5608 81
5609 80
5610 79
5611 80
5612 80
5613 84
5614 83
5615 87
5616 83
5617 81
5618 81
5619 82
5620 84
5621 84
5622 77
5623 82
5624 78
5625 80
5626 80
5627 82
5628 82
5629 81
5630 84
5631 89
5632 83
5633 84
5634 80
5635 81
5636 82
5637 79
5638 80
5639 83
5640 81
5641 79
5642 87
5643 80
5644 85
5645 83
5646 79
5647 81
5648 83
5649 81
5650 80
5651 79
5652 80
5653 81
5654 80
5655 81
5656 80
5657 80
5658 89
5659 84
5660 79
5661 79
5662 89
5663 81
5664 81
5665 82
5666 82
5667 79
5668 80
5669 79
5670 86
5671 81
5672 79
5673 81
5674 85
5675 82
5676 79
5677 81
5678 81
5679 88
5680 80
5681 80
5682 81
5683 82
5684 80
5685 80
5686 80
5687 81
5688 83
5689 80
5690 81
5691 83
5692 77
5693 79
5694 80
5695 80
5696 79
5697 81
5698 79
5699 82
5700 78
5701 82
5702 76
5703 81
5704 83
5705 79
5706 78
5707 81
5708 80
5709 81
5710 80
5711 80
5712 81
5713 83
5714 85
5715 80
5716 82
5717 81
5718 81
5719 87
5720 85
5721 78
5722 81
5723 85
5724 82
5725 81
5726 81
5727 80
5728 86
5729 79
5730 82
5731 81
5732 82
5733 78
5734 82
5735 84
5736 83
5737 81
5738 81
5739 84
5740 86
5741 77
5742 83
5743 81
5744 83
5745 89
5746 86
5747 82
5748 82
5749 77
5750 79
5751 81
5752 78
5753 82
5754 81
5755 84
5756 83
5757 81
5758 82
5759 88
5760 79
5761 84
5762 83
5763 79
5764 80
5765 81
5766 79
5767 81
5768 84
5769 80
5770 82
5771 83
5772 83
5773 83
5774 79
5775 81
5776 80
5777 84
5778 83
5779 79
5780 79
5781 80
5782 79
5783 82
5784 79
5785 80
5786 78
5787 83
5788 80
5789 82
5790 80
5791 80
5792 79
5793 78
5794 82
5795 82
5796 82
5797 92
5798 83
5799 80
5800 81
5801 80
5802 81
5803 83
5804 85
5805 82
5806 81
5807 83
5808 85
5809 80
5810 83
5811 84
5812 82
5813 82
5814 78
5815 80
5816 85
5817 80
5818 79
5819 82
5820 80
5821 80
5822 79
5823 77
5824 79
5825 80
5826 79
5827 84
5828 84
5829 80
5830 83
5831 81
5832 79
5833 81
5834 83
5835 83
5836 80
5837 80
5838 79
5839 78
5840 78
5841 80
5842 79
5843 80
5844 83
5845 79
5846 85
5847 82
5848 83
5849 78
5850 80
5851 82
5852 79
5853 81
5854 92
5855 79
5856 81
5857 84
5858 82
5859 81
5860 83
5861 78
5862 81
5863 80
5864 82
5865 83
5866 81
5867 82
5868 82
5869 82
5870 84
5871 80
5872 89
5873 87
5874 85
5875 89
5876 84
5877 83
5878 83
5879 80
5880 85
5881 82
5882 83
5883 81
5884 76
5885 84
5886 78
5887 86
5888 83
5889 78
5890 81
5891 81
5892 84
5893 84
5894 77
5895 83
5896 80
5897 80
5898 84
5899 80
5900 82
5901 81
5902 81
5903 78
5904 78
5905 83
5906 82
5907 80
5908 80
5909 89
5910 83
5911 80
5912 78
5913 85
5914 89
5915 84
5916 82
5917 82
5918 82
5919 81
5920 80
5921 81
5922 88
5923 79
5924 81
5925 83
5926 81
5927 82
5928 81
5929 83
5930 82
5931 81
5932 84
5933 80
5934 80
5935 79
5936 81
5937 82
5938 85
5939 80
5940 82
5941 81
5942 81
5943 81
5944 82
5945 80
5946 84
5947 81
5948 80
5949 79
5950 79
5951 83
5952 85
5953 85
5954 82
5955 79
5956 80
5957 88
5958 80
5959 80
5960 82
5961 81
5962 80
5963 85
5964 79
5965 81
5966 80
5967 81
5968 83
5969 87
5970 82
5971 80
5972 84
5973 85
5974 78
5975 83
5976 80
5977 84
5978 79
5979 84
5980 79
5981 82
5982 78
5983 79
5984 85
5985 81
5986 81
5987 80
5988 80
5989 82
5990 80
5991 81
5992 87
5993 82
5994 81
5995 81
5996 82
5997 83
5998 81
5999 85
6000 83
6001 81
6002 87
6003 82
6004 85
6005 81
6006 81
6007 80
6008 78
6009 80
6010 81
6011 78
6012 79
6013 80
6014 84
6015 82
6016 84
6017 81
6018 84
6019 79
6020 81
6021 82
6022 79
6023 82
6024 80
6025 81
6026 82
6027 82
6028 85
6029 80
6030 79
6031 90
6032 80
6033 82
6034 79
6035 80
6036 82
6037 79
6038 82
6039 85
6040 82
6041 78
6042 83
6043 82
6044 81
6045 85
6046 80
6047 84
6048 81
6049 84
6050 81
6051 82
6052 79
6053 79
6054 88
6055 79
6056 79
6057 83
6058 80
6059 80
6060 84
6061 77
6062 83
6063 79
6064 80
6065 82
6066 82
6067 80
6068 79
6069 81
6070 84
6071 79
6072 80
6073 80
6074 81
6075 82
6076 78
6077 79
6078 80
6079 79
6080 82
6081 82
6082 83
6083 81
6084 82
6085 80
6086 84
6087 83
6088 81
6089 81
6090 81
6091 81
6092 83
6093 82
6094 80
6095 79
6096 80
6097 79
6098 81
6099 90
6100 80
6101 88
6102 80
6103 81
6104 81
6105 82
6106 80
6107 82
6108 79
6109 80
6110 80
6111 81
6112 80
6113 81
6114 81
6115 84
6116 85
6117 79
6118 82
6119 82
6120 84
6121 79
6122 80
6123 80
6124 79
6125 82
6126 81
6127 81
6128 82
6129 85
6130 83
6131 84
6132 81
6133 80
6134 79
6135 81
6136 82
6137 80
6138 78
6139 80
6140 84
6141 76
6142 79
6143 81
6144 81
6145 81
6146 83
6147 81
6148 80
6149 87
6150 78
6151 86
6152 79
6153 83
6154 80
6155 81
6156 83
6157 80
6158 87
6159 79
6160 80
6161 84
6162 82
6163 81
6164 80
6165 87
6166 82
6167 81
6168 79
6169 82
6170 87
6171 80
6172 77
6173 81
6174 83
6175 81
6176 77
6177 86
6178 82
6179 83
6180 83
6181 83
6182 82
6183 78
6184 77
6185 81
6186 79
6187 80
6188 81
6189 84
6190 79
6191 82
6192 85
6193 84
6194 82
6195 81
6196 87
6197 83
6198 81
6199 81
6200 79
6201 85
6202 80
6203 79
6204 82
6205 81
6206 81
6207 80
6208 80
6209 87
6210 81
6211 78
6212 79
6213 80
6214 79
6215 82
6216 79
6217 88
6218 80
6219 82
6220 86
6221 82
6222 84
6223 80
6224 78
6225 81
6226 79
6227 80
6228 80
6229 82
6230 80
6231 82
6232 86
6233 84
6234 78
6235 84
6236 86
6237 79
6238 80
6239 83
6240 81
6241 77
6242 81
6243 80
6244 79
6245 82
6246 79
6247 87
6248 78
6249 78
6250 85
6251 78
6252 82
6253 80
6254 85
6255 78
6256 79
6257 78
6258 79
6259 81
6260 79
6261 80
6262 81
6263 80
6264 79
6265 82
6266 90
6267 83
6268 81
6269 82
6270 81
6271 83
6272 85
6273 85
6274 82
6275 80
6276 83
6277 83
6278 85
6279 78
6280 79
6281 81
6282 79
6283 80
6284 80
6285 80
6286 80
6287 80
6288 84
6289 83
6290 85
6291 86
6292 84
6293 80
6294 82
6295 87
6296 87
6297 79
6298 79
6299 82
6300 79
6301 79
6302 90
6303 79
6304 87
6305 84
6306 78
6307 82
6308 80
6309 79
6310 79
6311 83
6312 82
6313 82
6314 84
6315 85
6316 80
6317 80
6318 81
6319 87
6320 84
6321 83
6322 80
6323 81
6324 81
6325 81
6326 88
6327 81
6328 80
6329 81
6330 82
6331 80
6332 82
6333 90
6334 82
6335 88
6336 84
6337 80
6338 82
6339 80
6340 78
6341 86
6342 79
6343 80
6344 82
6345 80
6346 82
6347 80
6348 84
6349 78
6350 80
6351 80
6352 84
6353 78
6354 81
6355 81
6356 77
6357 78
6358 82
6359 79
6360 80
6361 85
6362 83
6363 81
6364 81
6365 83
6366 87
6367 79
6368 79
6369 82
6370 81
6371 79
6372 82
6373 81
6374 87
6375 80
6376 79
6377 80
6378 80
6379 80
6380 80
6381 84
6382 80
6383 87
6384 85
6385 82
6386 82
6387 87
6388 84
6389 83
6390 82
6391 83
6392 80
6393 79
6394 88
6395 89
6396 85
6397 85
6398 78
6399 80
6400 79
6401 90
6402 84
6403 81
6404 82
6405 81
6406 83
6407 82
6408 80
6409 78
6410 82
6411 82
6412 79
6413 78
6414 79
6415 80
6416 80
6417 79
6418 81
6419 80
6420 85
6421 78
6422 79
6423 80
6424 85
6425 82
6426 81
6427 82
6428 82
6429 86
6430 81
6431 78
6432 78
6433 79
6434 81
6435 79
6436 80
6437 80
6438 87
6439 83
6440 80
6441 85
6442 81
6443 83
6444 80
6445 83
6446 88
6447 82
6448 85
6449 81
6450 84
6451 81
6452 79
6453 80
6454 79
6455 82
6456 81
6457 76
6458 80
6459 79
6460 80
6461 84
6462 81
6463 78
6464 83
6465 79
6466 81
6467 81
6468 86
6469 86
6470 89
6471 81
6472 87
6473 88
6474 83
6475 82
6476 83
6477 89
6478 83
6479 80
6480 86
6481 80
6482 77
6483 78
6484 87
6485 82
6486 86
6487 87
6488 80
6489 78
6490 83
6491 86
6492 80
6493 87
6494 84
6495 82
6496 82
6497 82
6498 81
6499 82
6500 81
6501 82
6502 82
6503 88
6504 80
6505 81
6506 84
6507 79
6508 79
6509 83
6510 82
6511 90
6512 80
6513 82
6514 82
6515 82
6516 81
6517 82
6518 81
6519 81
6520 80
6521 80
6522 87
6523 81
6524 80
6525 85
6526 83
6527 81
6528 81
6529 81
6530 78
6531 85
6532 87
6533 79
6534 82
6535 80
6536 83
6537 78
6538 83
6539 79
6540 77
6541 81
6542 82
6543 80
6544 81
6545 84
6546 81
6547 80
6548 80
6549 81
6550 81
6551 80
6552 83
6553 80
6554 80
6555 81
6556 81
6557 81
6558 79
6559 81
6560 86
6561 82
6562 79
6563 80
6564 81
6565 78
6566 80
6567 82
6568 78
6569 79
6570 83
6571 79
6572 83
6573 81
6574 82
6575 82
6576 78
6577 79
6578 78
6579 81
6580 85
6581 83
6582 85
6583 79
6584 81
6585 82
6586 83
6587 81
6588 83
6589 85
6590 80
6591 82
6592 81
6593 80
6594 85
6595 82
6596 83
6597 84
6598 89
6599 82
6600 81
6601 79
6602 85
6603 80
6604 82
6605 81
6606 82
6607 79
6608 84
6609 84
6610 79
6611 87
6612 86
6613 81
6614 81
6615 80
6616 79
6617 84
6618 77
6619 82
6620 80
6621 80
6622 82
6623 79
6624 81
6625 83
6626 82
6627 81
6628 78
6629 85
6630 82
6631 80
6632 81
6633 82
6634 84
6635 81
6636 83
6637 79
6638 81
6639 81
6640 83
6641 84
6642 81
6643 89
6644 77
6645 82
6646 82
6647 79
6648 82
6649 83
6650 81
6651 79
6652 79
6653 81
6654 85
6655 80
6656 82
6657 80
6658 82
6659 79
6660 80
6661 83
6662 79
6663 79
6664 80
6665 81
6666 81
6667 83
6668 82
6669 81
6670 79
6671 81
6672 86
6673 82
6674 78
6675 86
6676 79
6677 81
6678 83
6679 80
6680 84
6681 89
6682 80
6683 85
6684 82
6685 82
6686 78
6687 80
6688 85
6689 84
6690 80
6691 82
6692 80
6693 79
6694 79
6695 81
6696 84
6697 84
6698 86
6699 80
6700 85
6701 77
6702 78
6703 82
6704 83
6705 93
6706 85
6707 84
6708 90
6709 81
6710 80
6711 83
6712 81
6713 80
6714 83
6715 82
6716 83
6717 86
6718 79
6719 83
6720 80
6721 78
6722 81
6723 81
6724 83
6725 81
6726 80
6727 86
6728 81
6729 88
6730 84
6731 80
6732 85
6733 79
6734 81
6735 84
6736 81
6737 81
6738 89
6739 81
6740 82
6741 79
6742 86
6743 90
6744 86
6745 84
6746 86
6747 90
6748 83
6749 85
6750 85
6751 82
6752 81
6753 79
6754 80
6755 80
6756 79
6757 81
6758 79
6759 84
6760 80
6761 82
6762 85
6763 83
6764 88
6765 84
6766 80
6767 82
6768 78
6769 80
6770 82
6771 79
6772 85
6773 79
6774 84
6775 82
6776 81
6777 81
6778 84
6779 80
6780 82
6781 82
6782 83
6783 82
6784 77
6785 87
6786 80
6787 81
6788 81
6789 83
6790 81
6791 80
6792 84
6793 90
6794 79
6795 82
6796 82
6797 87
6798 83
6799 79
6800 81
6801 81
6802 80
6803 85
6804 81
6805 79
6806 82
6807 79
6808 81
6809 78
6810 80
6811 82
6812 82
6813 81
6814 85
6815 83
6816 79
6817 81
6818 80
6819 88
6820 87
6821 82
6822 86
6823 81
6824 91
6825 80
6826 79
6827 84
6828 85
6829 80
6830 82
6831 80
6832 81
6833 87
6834 81
6835 83
6836 79
6837 79
6838 82
6839 82
6840 91
6841 83
6842 82
6843 81
6844 85
6845 82
6846 81
6847 78
6848 80
6849 81
6850 82
6851 83
6852 83
6853 80
6854 91
6855 81
6856 92
6857 95
6858 85
6859 87
6860 97
6861 81
6862 80
6863 81
6864 96
6865 92
6866 99
6867 96
6868 99
6869 102
6870 93
6871 97
6872 104
6873 98
6874 99
6875 81
6876 86
6877 83
6878 82
6879 82
6880 88
6881 88
6882 83
6883 83
6884 79
6885 85
6886 81
6887 79
6888 82
6889 77
6890 84
6891 84
6892 81
6893 84
6894 87
6895 106
6896 81
6897 83
6898 93
6899 83
6900 83
6901 87
6902 87
6903 82
6904 91
6905 86
6906 92
6907 79
6908 79
6909 79
6910 82
6911 83
6912 79
6913 78
6914 80
6915 88
6916 83
6917 85
6918 82
6919 84
6920 79
6921 77
6922 79
6923 80
6924 85
6925 80
6926 80
6927 80
6928 97
6929 104
6930 83
6931 80
6932 80
6933 82
6934 80
6935 80
6936 83
6937 85
6938 85
6939 79
6940 84
6941 82
6942 80
6943 80
6944 84
6945 82
6946 80
6947 81
6948 83
6949 81
6950 81
6951 81
6952 78
6953 82
6954 81
6955 81
6956 80
6957 82
6958 82
6959 81
6960 86
6961 83
6962 81
6963 81
6964 79
6965 81
6966 81
6967 82
6968 81
6969 89
6970 84
6971 93
6972 80
6973 82
6974 82
6975 82
6976 91
6977 93
6978 85
6979 102
6980 109
6981 99
6982 102
6983 106
6984 115
6985 104
6986 116
6987 112
6988 109
6989 117
6990 109
6991 110
6992 107
6993 109
6994 119
6995 108
6996 105
6997 107
6998 117
6999 106
7000 94
7001 97
7002 85
7003 88
7004 110
7005 92
7006 83
7007 82
7008 83
7009 83
7010 80
7011 81
7012 82
7013 81
7014 83
7015 84
7016 80
7017 81
7018 82
7019 78
7020 79
7021 84
7022 80
7023 83
7024 80
7025 94
7026 80
7027 82
7028 81
7029 83
7030 80
7031 80
7032 80
7033 82
7034 78
7035 83
7036 79
7037 80
7038 81
7039 79
7040 78
7041 81
7042 80
7043 78
7044 81
7045 82
7046 84
7047 83
7048 79
7049 78
7050 89
7051 82
7052 86
7053 82
7054 79
7055 81
7056 84
7057 83
7058 81
7059 83
7060 84
7061 83
7062 78
7063 78
7064 82
7065 83
7066 83
7067 81
7068 81
7069 81
7070 79
7071 83
7072 81
7073 80
7074 79
7075 83
7076 81
7077 78
7078 89
7079 81
7080 89
7081 79
7082 81
7083 84
7084 80
7085 81
7086 81
7087 85
7088 80
7089 80
7090 81
7091 80
7092 83
7093 78
7094 84
7095 80
7096 78
7097 81
7098 83
7099 81
7100 82
7101 81
7102 80
7103 81
7104 87
7105 80
7106 80
7107 88
7108 81
7109 90
7110 80
7111 81
7112 81
7113 83
7114 80
7115 85
7116 86
7117 81
7118 88
7119 79
7120 84
7121 79
7122 82
7123 80
7124 80
7125 77
7126 79
7127 80
7128 82
7129 82
7130 83
7131 81
7132 85
7133 87
7134 81
7135 80
7136 80
7137 81
7138 80
7139 79
7140 82
7141 78
7142 83
7143 83
7144 82
7145 82
7146 83
7147 80
7148 81
7149 81
7150 79
7151 80
7152 80
7153 82
7154 81
7155 82
7156 82
7157 81
7158 81
7159 98
7160 90
7161 82
7162 81
7163 83
7164 80
7165 82
7166 81
7167 81
7168 81
7169 79
7170 80
7171 78
7172 81
7173 82
7174 81
7175 81
7176 79
7177 81
7178 82
7179 90
7180 82
7181 85
7182 80
7183 80
7184 85
7185 79
7186 81
7187 78
7188 78
7189 83
7190 84
7191 89
7192 82
7193 83
7194 88
7195 83
7196 81
7197 83
7198 81
7199 79
7200 82
7201 81
7202 82
7203 79
7204 83
7205 78
7206 81
7207 86
7208 85
7209 80
7210 77
7211 82
7212 80
7213 83
7214 78
7215 82
7216 83
7217 79
7218 81
7219 78
7220 80
7221 83
7222 79
7223 80
7224 85
7225 80
7226 82
7227 85
7228 79
7229 79
7230 82
7231 81
7232 81
7233 81
7234 83
7235 80
7236 82
7237 81
7238 91
7239 84
7240 82
7241 82
7242 80
7243 85
7244 80
7245 85
7246 81
7247 80
7248 80
7249 82
7250 85
7251 77
7252 80
7253 81
7254 84
7255 89
7256 84
7257 79
7258 79
7259 80
7260 81
7261 83
7262 82
7263 80
7264 79
7265 83
7266 80
7267 82
7268 79
7269 80
7270 83
7271 86
7272 85
7273 81
7274 81
7275 84
7276 79
7277 81
7278 80
7279 81
7280 80
7281 82
7282 80
7283 82
7284 81
7285 84
7286 78
7287 82
7288 79
7289 83
7290 81
7291 83
7292 82
7293 79
7294 81
7295 81
7296 79
7297 87
7298 82
7299 81
7300 80
7301 82
7302 80
7303 81
7304 82
7305 84
7306 77
7307 83
7308 80
7309 89
7310 79
7311 83
7312 86
7313 84
7314 84
7315 79
7316 82
7317 80
7318 81
7319 80
7320 84
7321 82
7322 81
7323 80
7324 83
7325 80
7326 81
7327 82
7328 81
7329 79
7330 82
7331 78
7332 81
7333 80
7334 84
7335 85
7336 100
7337 86
7338 84
7339 81
7340 85
7341 83
7342 78
7343 87
7344 83
7345 82
7346 79
7347 83
7348 81
7349 81
7350 85
7351 84
7352 81
7353 77
7354 83
7355 79
7356 80
7357 86
7358 83
7359 82
7360 80
7361 78
7362 80
7363 86
7364 78
7365 81
7366 81
7367 83
7368 83
7369 80
7370 80
7371 82
7372 80
7373 83
7374 81
7375 82
7376 82
7377 82
7378 84
7379 76
7380 80
7381 82
7382 87
7383 83
7384 79
7385 79
7386 80
7387 84
7388 85
7389 82
7390 87
7391 89
7392 80
7393 79
7394 80
7395 80
7396 82
7397 80
7398 79
7399 82
7400 80
7401 82
7402 82
7403 87
7404 81
7405 77
7406 82
7407 80
7408 81
7409 86
7410 78
7411 80
7412 79
7413 85
7414 80
7415 84
7416 80
7417 82
7418 85
7419 79
7420 81
7421 80
7422 79
7423 81
7424 79
7425 81
7426 85
7427 82
7428 82
7429 86
7430 80
7431 79
7432 87
7433 81
7434 87
7435 82
7436 79
7437 82
7438 81
7439 81
7440 78
7441 80
7442 79
7443 80
7444 79
7445 79
7446 81
7447 77
7448 81
7449 83
7450 83
7451 78
7452 83
7453 81
7454 86
7455 88
7456 80
7457 79
7458 80
7459 81
7460 85
7461 80
7462 91
7463 81
7464 78
7465 79
7466 81
7467 81
7468 80
7469 83
7470 82
7471 81
7472 81
7473 82
7474 83
7475 83
7476 80
7477 81
7478 84
7479 79
7480 81
7481 80
7482 80
7483 81
7484 82
7485 82
7486 81
7487 79
7488 84
7489 85
7490 85
7491 82
7492 81
7493 83
7494 80
7495 79
7496 79
7497 80
7498 81
7499 83
7500 80
7501 83
7502 78
7503 79
7504 82
7505 78
7506 79
7507 85
7508 88
7509 79
7510 82
7511 80
7512 97
7513 91
7514 91
7515 82
7516 79
7517 80
7518 79
7519 79
7520 81
7521 81
7522 81
7523 82
7524 81
7525 81
7526 91
7527 77
7528 84
7529 84
7530 79
7531 80
7532 78
7533 81
7534 80
7535 80
7536 78
7537 82
7538 81
7539 85
7540 80
7541 82
7542 81
7543 82
7544 84
7545 82
7546 86
7547 91
7548 80
7549 83
7550 79
7551 82
7552 79
7553 81
7554 82
7555 79
7556 80
7557 81
7558 79
7559 80
7560 81
7561 83
7562 80
7563 87
7564 80
7565 81
7566 80
7567 81
7568 90
7569 80
7570 85
7571 80
7572 83
7573 78
7574 84
7575 82
7576 80
7577 88
7578 82
7579 81
7580 85
7581 79
7582 80
7583 81
7584 81
7585 80
7586 84
7587 79
7588 81
7589 86
7590 80
7591 80
7592 88
7593 79
7594 80
7595 83
7596 84
7597 80
7598 78
7599 79
7600 82
7601 82
7602 80
7603 81
7604 82
7605 82
7606 89
7607 80
7608 88
7609 79
7610 82
7611 82
7612 80
7613 80
7614 78
7615 84
7616 80
7617 84
7618 79
7619 80
7620 77
7621 88
7622 83
7623 85
7624 80
7625 80
7626 80
7627 90
7628 83
7629 78
7630 79
7631 81
7632 79
7633 81
7634 83
7635 79
7636 78
7637 79
7638 84
7639 81
7640 79
7641 86
7642 81
7643 82
7644 82
7645 80
7646 83
7647 81
7648 80
7649 81
7650 88
7651 80
7652 84
7653 82
7654 85
7655 82
7656 80
7657 82
7658 81
7659 109
7660 79
7661 97
7662 80
7663 85
7664 82
7665 91
7666 81
7667 79
7668 88
7669 80
7670 78
7671 82
7672 82
7673 77
7674 81
7675 80
7676 84
7677 81
7678 81
7679 82
7680 83
7681 79
7682 84
7683 81
7684 87
7685 81
7686 81
7687 95
7688 84
7689 83
7690 81
7691 79
7692 81
7693 84
7694 80
7695 90
7696 82
7697 82
7698 82
7699 82
7700 83
7701 79
7702 80
7703 81
7704 86
7705 81
7706 83
7707 82
7708 78
7709 82
7710 81
7711 83
7712 82
7713 79
7714 80
7715 81
7716 82
7717 82
7718 82
7719 87
7720 81
7721 87
7722 83
7723 82
7724 80
7725 82
7726 80
7727 81
7728 86
7729 77
7730 81
7731 84
7732 77
7733 80
7734 78
7735 80
7736 85
7737 81
7738 81
7739 82
7740 84
7741 82
7742 82
7743 81
7744 80
7745 81
7746 82
7747 83
7748 78
7749 80
7750 82
7751 80
7752 79
7753 81
7754 87
7755 90
7756 80
7757 81
7758 84
7759 80
7760 81
7761 79
7762 82
7763 81
7764 82
7765 80
7766 86
7767 82
7768 83
7769 80
7770 78
7771 85
7772 82
7773 80
7774 88
7775 81
7776 79
7777 78
7778 87
7779 80
7780 79
7781 78
7782 81
7783 81
7784 82
7785 79
7786 83
7787 80
7788 79
7789 81
7790 85
7791 83
7792 82
7793 82
7794 80
7795 81
7796 84
7797 81
7798 79
7799 84
7800 81
7801 82
7802 81
7803 84
7804 82
7805 82
7806 84
7807 79
7808 83
7809 79
7810 80
7811 81
7812 85
7813 82
7814 79
7815 80
7816 81
7817 82
7818 85
7819 79
7820 82
7821 81
7822 82
7823 88
7824 81
7825 80
7826 85
7827 82
7828 78
7829 83
7830 80
7831 83
7832 78
7833 78
7834 79
7835 77
7836 80
7837 83
7838 83
7839 81
7840 79
7841 79
7842 88
7843 89
7844 79
7845 83
7846 86
7847 83
7848 81
7849 84
7850 84
7851 84
7852 80
7853 82
7854 85
7855 82
7856 78
7857 78
7858 80
7859 79
7860 82
7861 83
7862 81
7863 84
7864 95
7865 82
7866 81
7867 79
7868 81
7869 83
7870 78
7871 81
7872 89
7873 80
7874 81
7875 83
7876 82
7877 80
7878 81
7879 83
7880 82
7881 83
7882 80
7883 79
7884 81
7885 80
7886 84
7887 82
7888 82
7889 82
7890 80
7891 83
7892 80
7893 85
7894 80
7895 79
7896 86
7897 82
7898 80
7899 82
7900 80
7901 81
7902 81
7903 78
7904 85
7905 82
7906 84
7907 79
7908 81
7909 78
7910 81
7911 80
7912 81
7913 81
7914 83
7915 82
7916 79
7917 83
7918 82
7919 80
7920 81
7921 81
7922 82
7923 85
7924 80
7925 80
7926 81
7927 80
7928 87
7929 81
7930 79
7931 89
7932 82
7933 82
7934 81
7935 82
7936 84
7937 82
7938 80
7939 83
7940 81
7941 82
7942 80
7943 93
7944 80
7945 83
7946 87
7947 82
7948 81
7949 80
7950 80
7951 83
7952 81
7953 82
7954 80
7955 82
7956 82
7957 79
7958 84
7959 84
7960 81
7961 79
7962 82
7963 79
7964 80
7965 80
7966 82
7967 86
7968 89
7969 79
7970 83
7971 83
7972 81
7973 81
7974 81
7975 81
7976 81
7977 85
7978 83
7979 81
7980 82
7981 82
7982 81
7983 84
7984 79
7985 80
7986 80
7987 81
7988 80
7989 81
7990 95
7991 79
7992 88
7993 83
7994 80
7995 80
7996 82
7997 83
7998 79
7999 79
8000 81
8001 84
8002 85
8003 85
8004 85
8005 80
8006 81
8007 82
8008 80
8009 83
8010 80
8011 81
8012 80
8013 78
8014 80
8015 78
8016 86
8017 90
8018 94
8019 96
8020 84
8021 81
8022 79
8023 80
8024 85
8025 94
8026 79
8027 80
8028 82
8029 83
8030 79
8031 80
8032 81
8033 108
8034 81
8035 83
8036 84
8037 81
8038 81
8039 86
8040 80
8041 94
8042 98
8043 92
8044 83
8045 81
8046 81
8047 81
8048 79
8049 84
8050 83
8051 81
8052 81
8053 83
8054 79
8055 82
8056 83
8057 80
8058 79
8059 79
8060 82
8061 79
8062 80
8063 85
8064 81
8065 88
8066 78
8067 80
8068 79
8069 82
8070 84
8071 90
8072 82
8073 80
8074 87
8075 81
8076 80
8077 83
8078 78
8079 81
8080 81
8081 82
8082 81
8083 84
8084 82
8085 78
8086 82
8087 82
8088 80
8089 81
8090 80
8091 80
8092 81
8093 84
8094 85
8095 81
8096 83
8097 80
8098 79
8099 80
8100 81
8101 83
8102 85
8103 82
8104 82
8105 80
8106 84
8107 79
8108 80
8109 106
8110 81
8111 82
8112 80
8113 82
8114 80
8115 80
8116 84
8117 82
8118 82
8119 82
8120 83
8121 80
8122 79
8123 83
8124 79
8125 79
8126 83
8127 80
8128 85
8129 91
8130 88
8131 79
8132 80
8133 78
8134 91
8135 84
8136 82
8137 81
8138 84
8139 84
8140 86
8141 83
8142 84
8143 82
8144 85
8145 81
8146 108
8147 82
8148 79
8149 80
8150 78
8151 82
8152 91
8153 83
8154 82
8155 79
8156 86
8157 78
8158 81
8159 79
8160 84
8161 87
8162 81
8163 82
8164 82
8165 89
8166 83
8167 86
8168 87
8169 79
8170 85
8171 90
8172 89
8173 89
8174 85
8175 93
8176 86
8177 87
8178 85
8179 83
8180 82
8181 88
8182 85
8183 83
8184 80
8185 82
8186 82
8187 84
8188 78
8189 80
8190 81
8191 84
8192 80
8193 81
8194 83
8195 80
8196 79
8197 81
8198 80
8199 79
8200 81
8201 83
8202 80
8203 80
8204 82
8205 82
8206 79
8207 82
8208 83
8209 82
8210 86
8211 83
8212 81
8213 80
8214 91
8215 87
8216 85
8217 84
8218 82
8219 84
8220 86
8221 81
8222 86
8223 77
8224 81
8225 87
8226 85
8227 81
8228 85
8229 80
8230 80
8231 81
8232 82
8233 83
8234 82
8235 77
8236 79
8237 81
8238 82
8239 80
8240 80
8241 80
8242 80
8243 80
8244 83
8245 79
8246 81
8247 80
8248 82
8249 83
8250 81
8251 81
8252 82
8253 78
8254 84
8255 81
8256 79
8257 85
8258 81
8259 83
8260 81
8261 91
8262 78
8263 86
8264 85
8265 80
8266 81
8267 80
8268 80
8269 81
8270 84
8271 83
8272 80
8273 81
8274 81
8275 81
8276 79
8277 83
8278 82
8279 86
8280 81
8281 82
8282 79
8283 79
8284 84
8285 87
8286 80
8287 79
8288 79
8289 81
8290 79
8291 84
8292 87
8293 80
8294 86
8295 81
8296 83
8297 79
8298 83
8299 78
8300 80
8301 77
8302 79
8303 81
8304 81
8305 80
8306 87
8307 83
8308 84
8309 83
8310 84
8311 81
8312 77
8313 86
8314 80
8315 81
8316 82
8317 84
8318 82
8319 82
8320 86
8321 83
8322 79
8323 79
8324 85
8325 85
8326 81
8327 83
8328 79
8329 83
8330 81
8331 79
8332 85
8333 81
8334 82
8335 82
8336 79
8337 86
8338 82
8339 77
8340 82
8341 82
8342 86
8343 84
8344 79
8345 78
8346 85
8347 78
8348 79
8349 80
8350 82
8351 87
8352 82
8353 84
8354 84
8355 79
8356 83
8357 82
8358 86
8359 81
8360 78
8361 80
8362 79
8363 85
8364 81
8365 79
8366 80
8367 84
8368 79
8369 81
8370 80
8371 78
8372 81
8373 80
8374 83
8375 82
8376 79
8377 79
8378 80
8379 79
8380 82
8381 84
8382 84
8383 88
8384 79
8385 85
8386 85
8387 81
8388 78
8389 83
8390 91
8391 81
8392 94
8393 93
8394 80
8395 82
8396 78
8397 87
8398 81
8399 83
8400 81
8401 83
8402 84
8403 83
8404 80
8405 77
8406 81
8407 79
8408 80
8409 90
8410 82
8411 80
8412 85
8413 83
8414 85
8415 81
8416 80
8417 79
8418 79
8419 81
8420 78
8421 82
8422 80
8423 84
8424 80
8425 84
8426 80
8427 82
8428 84
8429 81
8430 80
8431 81
8432 86
8433 79
8434 78
8435 81
8436 83
8437 80
8438 82
8439 82
8440 80
8441 78
8442 80
8443 90
8444 83
8445 83
8446 80
8447 80
8448 79
8449 84
8450 80
8451 82
8452 80
8453 79
8454 80
8455 82
8456 83
8457 82
8458 84
8459 82
8460 82
8461 80
8462 82
8463 82
8464 83
8465 82
8466 80
8467 91
8468 81
8469 79
8470 80
8471 77
8472 91
8473 83
8474 83
8475 81
8476 82
8477 81
8478 84
8479 83
8480 82
8481 87
8482 86
8483 81
8484 86
8485 86
8486 83
8487 82
8488 85
8489 84
8490 79
8491 81
8492 82
8493 88
8494 88
8495 79
8496 81
8497 80
8498 82
8499 79
8500 79
8501 84
8502 78
8503 80
8504 84
8505 81
8506 80
8507 80
8508 79
8509 83
8510 82
8511 80
8512 77
8513 88
8514 89
8515 85
8516 83
8517 81
8518 85
8519 83
8520 84
8521 86
8522 90
8523 84
8524 91
8525 81
8526 86
8527 85
8528 85
8529 84
8530 87
8531 83
8532 87
8533 82
8534 84
8535 80
8536 80
8537 80
8538 82
8539 78
8540 85
8541 79
8542 81
8543 81
8544 83
8545 81
8546 81
8547 86
8548 87
8549 80
8550 84
8551 81
8552 81
8553 79
8554 82
8555 82
8556 82
8557 79
8558 79
8559 81
8560 81
8561 95
8562 97
8563 80
8564 79
8565 84
8566 80
8567 85
8568 79
8569 80
8570 89
8571 79
8572 80
8573 80
8574 81
8575 80
8576 80
8577 82
8578 79
8579 86
8580 80
8581 83
8582 83
8583 84
8584 82
8585 78
8586 82
8587 83
8588 87
8589 86
8590 83
8591 79
8592 80
8593 89
8594 80
8595 79
8596 83
8597 80
8598 79
8599 82
8600 81
8601 81
8602 81
8603 80
8604 79
8605 85
8606 80
8607 82
8608 81
8609 81
8610 79
8611 82
8612 82
8613 80
8614 79
8615 84
8616 81
8617 81
8618 84
8619 83
8620 81
8621 84
8622 80
8623 84
8624 82
8625 85
8626 83
8627 80
8628 79
8629 82
8630 84
8631 84
8632 81
8633 81
8634 80
8635 80
8636 83
8637 78
8638 83
8639 77
8640 81
8641 85
8642 80
8643 78
8644 82
8645 82
8646 78
8647 80
8648 82
8649 82
8650 80
8651 80
8652 83
8653 78
8654 81
8655 80
8656 87
8657 85
8658 80
8659 78
8660 80
8661 85
8662 82
8663 82
8664 87
8665 80
8666 81
8667 80
8668 85
8669 78
8670 83
8671 83
8672 83
8673 80
8674 85
8675 81
8676 80
8677 84
8678 80
8679 81
8680 81
8681 80
8682 84
8683 82
8684 90
8685 81
8686 85
8687 86
8688 82
8689 89
8690 81
8691 80
8692 80
8693 81
8694 78
8695 79
8696 77
8697 85
8698 77
8699 84
8700 80
8701 82
8702 82
8703 79
8704 81
8705 80
8706 80
8707 81
8708 88
8709 80
8710 78
8711 90
8712 81
8713 81
8714 81
8715 79
8716 84
8717 80
8718 83
8719 80
8720 84
8721 80
8722 81
8723 79
8724 86
8725 85
8726 81
8727 80
8728 84
8729 83
8730 80
8731 77
8732 80
8733 91
8734 80
8735 84
8736 81
8737 86
8738 95
8739 88
8740 81
8741 83
8742 84
8743 86
8744 84
8745 84
8746 86
8747 86
8748 81
8749 83
8750 81
8751 82
8752 84
8753 81
8754 82
8755 83
8756 83
8757 91
8758 81
8759 80
8760 80
8761 87
8762 82
8763 80
8764 84
8765 84
8766 82
8767 83
8768 81
8769 84
8770 83
8771 80
8772 82
8773 81
8774 81
8775 83
8776 80
8777 83
8778 83
8779 80
8780 92
8781 85
8782 84
8783 83
8784 82
8785 82
8786 90
8787 80
8788 86
8789 85
8790 84
8791 83
8792 80
8793 81
8794 87
8795 84
8796 81
8797 82
8798 80
8799 83
8800 81
8801 83
8802 87
8803 83
8804 81
8805 85
8806 86
8807 80
8808 85
8809 84
8810 88
8811 81
8812 79
8813 85
8814 84
8815 80
8816 79
8817 84
8818 80
8819 87
8820 82
8821 83
8822 81
8823 81
8824 82
8825 86
8826 88
8827 79
8828 80
8829 79
8830 81
8831 80
8832 80
8833 80
8834 80
8835 84
8836 82
8837 81
8838 84
8839 81
8840 82
8841 80
8842 79
8843 84
8844 80
8845 84
8846 83
8847 81
8848 80
8849 85
8850 84
8851 87
8852 86
8853 84
8854 82
8855 89
8856 84
8857 84
8858 81
8859 85
8860 90
8861 82
8862 82
8863 80
8864 79
8865 85
8866 84
8867 82
8868 80
8869 82
8870 82
8871 82
8872 90
8873 86
8874 82
8875 81
8876 93
8877 86
8878 80
8879 80
8880 85
8881 86
8882 82
8883 83
8884 86
8885 83
8886 81
8887 79
8888 84
8889 83
8890 81
8891 80
8892 80
8893 81
8894 86
8895 81
8896 83
8897 85
8898 82
8899 78
8900 81
8901 84
8902 82
8903 84
8904 82
8905 79
8906 85
8907 82
8908 84
8909 81
8910 92
8911 92
8912 86
8913 80
8914 81
8915 81
8916 83
8917 80
8918 89
8919 88
8920 85
8921 82
8922 84
8923 89
8924 84
8925 87
8926 80
8927 83
8928 82
8929 82
8930 83
8931 84
8932 80
8933 82
8934 81
8935 83
8936 82
8937 82
8938 80
8939 80
8940 81
8941 82
8942 83
8943 85
8944 82
8945 81
8946 79
8947 84
8948 77
8949 83
8950 84
8951 82
8952 81
8953 78
8954 83
8955 83
8956 85
8957 80
8958 84
8959 83
8960 81
8961 83
8962 82
8963 80
8964 82
8965 78
8966 80
8967 81
8968 81
8969 81
8970 84
8971 82
8972 79
8973 81
8974 81
8975 83
8976 84
8977 79
8978 80
8979 80
8980 82
8981 79
8982 77
8983 80
8984 84
8985 80
8986 80
8987 88
8988 77
8989 79
8990 80
8991 79
8992 81
8993 81
8994 82
8995 80
8996 78
8997 78
8998 79
8999 80
9000 78
9001 86
9002 82
9003 82
9004 81
9005 82
9006 82
9007 80
9008 89
9009 81
9010 80
9011 80
9012 80
9013 84
9014 89
9015 87
9016 92
9017 94
9018 88
9019 79
9020 83
9021 80
9022 85
9023 83
9024 91
9025 82
9026 81
9027 82
9028 83
9029 80
9030 81
9031 79
9032 83
9033 78
9034 80
9035 78
9036 79
9037 79
9038 82
9039 82
9040 82
9041 80
9042 80
9043 89
9044 80
9045 82
9046 81
9047 84
9048 83
9049 80
9050 82
9051 78
9052 82
9053 86
9054 78
9055 80
9056 82
9057 81
9058 81
9059 79
9060 85
9061 79
9062 80
9063 84
9064 81
9065 82
9066 80
9067 84
9068 80
9069 89
9070 97
9071 80
9072 105
9073 101
9074 99
9075 102
9076 109
9077 106
9078 107
9079 108
9080 111
9081 106
9082 106
9083 103
9084 104
9085 102
9086 105
9087 102
9088 112
9089 115
9090 107
9091 100
9092 97
9093 95
9094 111
9095 99
9096 99
9097 104
9098 109
9099 105
9100 103
9101 107
9102 104
9103 107
9104 108
9105 108
9106 114
9107 102
9108 110
9109 104
9110 106
9111 100
9112 114
9113 104
9114 104
9115 102
9116 104
9117 110
9118 105
9119 101
9120 105
9121 105
9122 101
9123 108
9124 108
9125 109
9126 108
9127 107
9128 110
9129 104
9130 104
9131 106
9132 101
9133 99
9134 111
9135 105
9136 99
9137 113
9138 103
9139 106
9140 108
9141 104
9142 117
9143 110
9144 105
9145 106
9146 102
9147 104
9148 108
9149 108
9150 104
9151 104
9152 101
9153 106
9154 108
9155 110
9156 103
9157 106
9158 103
9159 112
9160 106
9161 108
9162 106
9163 104
9164 108
9165 106
9166 103
9167 110
9168 105
9169 107
9170 108
9171 110
9172 109
9173 107
9174 115
9175 105
9176 96
9177 110
9178 108
9179 106
9180 105
9181 109
9182 104
9183 104
9184 110
9185 109
9186 105
9187 109
9188 113
9189 109
9190 103
9191 109
9192 103
9193 105
9194 103
9195 104
9196 106
9197 104
9198 106
9199 100
9200 98
9201 107
9202 107
9203 104
9204 104
9205 109
9206 109
9207 106
9208 104
9209 114
9210 118
9211 102
9212 114
9213 110
9214 105
9215 118
9216 81
9217 82
9218 84
9219 81
9220 86
9221 81
9222 79
9223 82
9224 79
9225 80
9226 84
9227 84
9228 79
9229 81
9230 82
9231 83
9232 81
9233 80
9234 85
9235 79
9236 84
9237 87
9238 89
9239 80
9240 83
9241 80
9242 82
9243 80
9244 81
9245 83
9246 80
9247 80
9248 83
9249 83
9250 84
9251 79
9252 80
9253 79
9254 78
9255 82
9256 79
9257 81
9258 79
9259 82
9260 80
9261 89
9262 79
9263 80
9264 81
9265 80
9266 84
9267 84
9268 80
9269 81
9270 79
9271 85
9272 80
9273 80
9274 81
9275 82
9276 83
9277 79
9278 83
9279 80
9280 82
9281 85
9282 83
9283 80
9284 88
9285 79
9286 80
9287 80
9288 83
9289 81
9290 81
9291 82
9292 82
9293 82
9294 80
9295 83
9296 82
9297 85
9298 82
9299 82
9300 78
9301 81
9302 80
9303 82
9304 82
9305 82
9306 82
9307 83
9308 80
9309 78
9310 80
9311 85
9312 82
9313 79
9314 84
9315 82
9316 82
9317 79
9318 79
9319 85
9320 88
9321 96
9322 106
9323 108
9324 92
9325 99
9326 92
9327 101
9328 102
9329 91
9330 99
9331 84
9332 83
9333 84
9334 82
9335 84
9336 82
9337 81
9338 80
9339 79
9340 80
9341 78
9342 81
9343 83
9344 81
9345 83
9346 81
9347 81
9348 93
9349 80
9350 81
9351 89
9352 79
9353 81
9354 80
9355 89
9356 83
9357 84
9358 80
9359 87
9360 82
9361 79
9362 80
9363 82
9364 80
9365 78
9366 81
9367 79
9368 87
9369 87
9370 84
9371 86
9372 84
9373 81
9374 82
9375 81
9376 82
9377 81
9378 77
9379 81
9380 83
9381 81
9382 78
9383 79
9384 78
9385 79
9386 85
9387 81
9388 82
9389 84
9390 79
9391 79
9392 81
9393 78
9394 81
9395 89
9396 95
9397 79
9398 83
9399 84
9400 85
9401 81
9402 81
9403 82
9404 82
9405 81
9406 79
9407 83
9408 78
9409 88
9410 80
9411 85
9412 84
9413 82
9414 81
9415 79
9416 79
9417 80
9418 80
9419 83
9420 78
9421 87
9422 80
9423 80
9424 81
9425 80
9426 84
9427 80
9428 80
9429 83
9430 84
9431 83
9432 96
9433 84
9434 78
9435 84
9436 80
9437 79
9438 80
9439 80
9440 83
9441 80
9442 82
9443 79
9444 80
9445 80
9446 80
9447 85
9448 82
9449 78
9450 83
9451 79
9452 82
9453 79
9454 80
9455 80
9456 85
9457 79
9458 80
9459 82
9460 81
9461 83
9462 80
9463 82
9464 80
9465 80
9466 79
9467 78
9468 82
9469 78
9470 82
9471 80
9472 80
9473 84
9474 80
9475 79
9476 79
9477 79
9478 81
9479 83
9480 79
9481 80
9482 88
9483 78
9484 82
9485 80
9486 78
9487 80
9488 80
9489 77
9490 80
9491 80
9492 79
9493 79
9494 80
9495 86
9496 79
9497 81
9498 83
9499 79
9500 80
9501 80
9502 79
9503 76
9504 83
9505 80
9506 79
9507 79
9508 86
9509 80
9510 82
9511 86
9512 83
9513 82
9514 81
9515 87
9516 79
9517 79
9518 78
9519 80
9520 82
9521 82
9522 80
9523 81
9524 81
9525 81
9526 81
9527 83
9528 80
9529 83
9530 81
9531 84
9532 80
9533 84
9534 86
9535 86
9536 82
9537 79
9538 79
9539 79
9540 81
9541 83
9542 80
9543 80
9544 81
9545 82
9546 84
9547 85
9548 85
9549 80
9550 81
9551 88
9552 85
9553 84
9554 83
9555 81
9556 83
9557 81
9558 85
9559 88
9560 86
9561 87
9562 92
9563 81
9564 84
9565 81
9566 81
9567 82
9568 80
9569 80
9570 79
9571 82
9572 81
9573 79
9574 80
9575 82
9576 80
9577 82
9578 82
9579 85
9580 82
9581 86
9582 84
9583 85
9584 85
9585 77
9586 77
9587 82
9588 78
9589 82
9590 79
9591 81
9592 88
9593 86
9594 85
9595 83
9596 84
9597 81
9598 84
9599 88
9600 80
9601 83
9602 81
9603 80
9604 81
9605 84
9606 91
9607 84
9608 81
9609 80
9610 82
9611 84
9612 82
9613 83
9614 81
9615 81
9616 81
9617 81
9618 84
9619 84
9620 87
9621 84
9622 87
9623 83
9624 82
9625 79
9626 81
9627 79
9628 81
9629 92
9630 81
9631 80
9632 79
9633 79
9634 79
9635 80
9636 83
9637 79
9638 82
9639 80
9640 86
9641 80
9642 78
9643 83
9644 81
9645 79
9646 81
9647 82
9648 81
9649 81
9650 85
9651 81
9652 80
9653 84
9654 78
9655 77
9656 83
9657 82
9658 85
9659 79
9660 81
9661 78
9662 80
9663 77
9664 84
9665 87
9666 87
9667 81
9668 81
9669 86
9670 87
9671 84
9672 86
9673 82
9674 81
9675 86
9676 83
9677 79
9678 86
9679 81
9680 81
9681 80
9682 85
9683 82
9684 81
9685 83
9686 86
9687 82
9688 85
9689 91
9690 84
9691 83
9692 83
9693 84
9694 83
9695 84
9696 86
9697 86
9698 82
9699 81
9700 82
9701 85
9702 83
9703 83
9704 79
9705 82
9706 84
9707 80
9708 80
9709 94
9710 89
9711 81
9712 91
9713 83
9714 80
9715 80
9716 82
9717 81
9718 79
9719 80
9720 78
9721 83
9722 81
9723 86
9724 84
9725 80
9726 80
9727 87
9728 82
9729 82
9730 83
9731 83
9732 81
9733 87
9734 87
9735 88
9736 80
9737 85
9738 84
9739 82
9740 82
9741 81
9742 79
9743 78
9744 89
9745 82
9746 83
9747 81
9748 92
9749 80
9750 79
9751 79
9752 83
9753 81
9754 88
9755 83
9756 80
9757 81
9758 80
9759 80
9760 84
9761 81
9762 77
9763 80
9764 83
9765 81
9766 81
9767 85
9768 80
9769 86
9770 86
9771 84
9772 79
9773 81
9774 79
9775 88
9776 84
9777 82
9778 81
9779 78
9780 81
9781 81
9782 77
9783 81
9784 84
9785 78
9786 82
9787 78
9788 79
9789 80
9790 80
9791 83
9792 81
9793 83
9794 79
9795 81
9796 82
9797 82
9798 82
9799 82
9800 85
9801 81
9802 85
9803 81
9804 85
9805 97
9806 81
9807 80
9808 80
9809 96
9810 79
9811 81
9812 79
9813 83
9814 80
9815 79
9816 83
9817 80
9818 83
9819 81
9820 85
9821 80
9822 83
9823 82
9824 80
9825 87
9826 78
9827 84
9828 86
9829 85
9830 83
9831 84
9832 85
9833 77
9834 80
9835 86
9836 86
9837 88
9838 90
9839 82
9840 81
9841 79
9842 86
9843 80
9844 80
9845 83
9846 80
9847 80
9848 83
9849 80
9850 80
9851 82
9852 80
9853 81
9854 80
9855 80
9856 87
9857 81
9858 87
9859 82
9860 85
9861 81
9862 79
9863 80
9864 80
9865 80
9866 83
9867 80
9868 82
9869 82
9870 81
9871 79
9872 86
9873 82
9874 83
9875 81
9876 81
9877 79
9878 81
9879 80
9880 79
9881 81
9882 86
9883 84
9884 82
9885 81
9886 79
9887 84
9888 80
9889 80
9890 81
9891 78
9892 79
9893 81
9894 81
9895 79
9896 79
9897 84
9898 81
9899 81
9900 83
9901 78
9902 78
9903 78
9904 83
9905 80
9906 80
9907 80
9908 78
9909 82
9910 79
9911 78
9912 79
9913 82
9914 79
9915 83
9916 82
9917 81
9918 82
9919 88
9920 82
9921 81
9922 80
9923 81
9924 81
9925 84
9926 80
9927 79
9928 86
9929 78
9930 80
9931 87
9932 88
9933 85
9934 79
9935 78
9936 82
9937 83
9938 83
9939 80
9940 83
9941 82
9942 77
9943 85
9944 82
9945 81
9946 85
9947 83
9948 82
9949 82
9950 79
9951 80
9952 80
9953 81
9954 85
9955 79
9956 82
9957 83
9958 83
9959 82
9960 84
9961 92
9962 79
9963 85
9964 79
9965 85
9966 86
9967 83
9968 85
9969 76
9970 80
9971 81
9972 83
9973 81
9974 79
9975 83
9976 79
9977 78
9978 79
9979 77
9980 82
9981 82
9982 83
9983 88
9984 78
9985 82
9986 81
9987 76
9988 80
9989 83
9990 83
9991 82
9992 79
9993 83
9994 82
9995 80
9996 80
9997 81
9998 84
9999 81
10000 79
