1 4100
2 4803
3 1912
4 2729
5 3069
6 2178
7 1981
8 737
9 1677
10 995
11 583
12 817
13 548
14 535
15 850
16 962
17 775
18 512
19 915
20 983
21 979
22 994
23 1002
24 846
25 551
26 949
27 575
28 870
29 487
30 601
31 874
32 484
33 434
34 445
35 589
36 424
37 519
38 920
39 841
40 786
41 459
42 1036
43 759
44 918
45 857
46 751
47 1047
48 765
49 905
50 566
51 1021
52 443
53 853
54 861
55 807
56 859
57 650
58 543
59 368
60 660
61 837
62 826
63 608
64 412
65 483
66 784
67 380
68 741
69 525
70 765
71 458
72 709
73 805
74 463
75 702
76 734
77 701
78 489
79 676
80 482
81 432
82 751
83 811
84 350
85 828
86 757
87 787
88 359
89 804
90 873
91 744
92 327
93 545
94 822
95 441
96 748
97 560
98 796
99 462
100 561
101 396
102 577
103 809
104 514
105 785
106 832
107 353
108 795
109 722
110 390
111 821
112 446
113 811
114 825
115 415
116 438
117 949
118 837
119 833
120 485
121 443
122 559
123 731
124 616
125 828
126 838
127 675
128 720
129 478
130 417
131 893
132 440
133 736
134 525
135 839
136 443
137 843
138 731
139 473
140 533
141 414
142 628
143 837
144 625
145 669
146 353
147 932
148 474
149 678
150 409
151 735
152 568
153 758
154 393
155 984
156 917
157 766
158 799
159 468
160 425
161 657
162 837
163 534
164 574
165 715
166 618
167 369
168 636
169 848
170 817
171 764
172 564
173 382
174 366
175 456
176 792
177 817
178 790
179 356
180 666
181 402
182 412
183 504
184 783
185 608
186 762
187 624
188 795
189 644
190 845
191 815
192 666
193 839
194 728
195 881
196 460
197 630
198 761
199 806
200 555
201 841
202 341
203 712
204 610
205 702
206 872
207 842
208 743
209 774
210 676
211 652
212 486
213 453
214 742
215 413
216 461
217 679
218 722
219 413
220 811
221 827
222 839
223 689
224 840
225 604
226 676
227 849
228 771
229 569
230 579
231 968
232 343
233 410
234 771
235 820
236 448
237 448
238 761
239 772
240 485
241 755
242 706
243 801
244 403
245 839
246 755
247 770
248 488
249 435
250 389
251 462
252 784
253 857
254 640
255 334
256 478
257 739
258 444
259 818
260 415
261 413
262 601
263 824
264 764
265 369
266 699
267 586
268 598
269 718
270 616
271 710
272 453
273 743
274 449
275 1076
276 433
277 729
278 770
279 438
280 702
281 550
282 756
283 430
284 485
285 675
286 442
287 649
288 777
289 830
290 770
291 640
292 387
293 504
294 696
295 580
296 388
297 419
298 802
299 691
300 788
301 834
302 632
303 403
304 517
305 752
306 746
307 457
308 625
309 460
310 387
311 936
312 569
313 709
314 703
315 832
316 637
317 584
318 837
319 1010
320 702
321 837
322 772
323 815
324 538
325 886
326 632
327 340
328 849
329 456
330 809
331 584
332 788
333 721
334 404
335 434
336 718
337 833
338 619
339 805
340 715
341 796
342 767
343 760
344 543
345 764
346 795
347 722
348 529
349 473
350 715
351 438
352 798
353 812
354 718
355 948
356 760
357 427
358 691
359 439
360 440
361 590
362 740
363 870
364 449
365 804
366 722
367 672
368 794
369 685
370 784
371 677
372 705
373 631
374 612
375 774
376 840
377 430
378 678
379 706
380 806
381 795
382 436
383 792
384 811
385 526
386 711
387 740
388 680
389 833
390 781
391 582
392 397
393 633
394 886
395 837
396 670
397 352
398 617
399 717
400 396
401 567
402 425
403 822
404 523
405 847
406 477
407 434
408 379
409 372
410 814
411 694
412 487
413 830
414 424
415 386
416 812
417 507
418 825
419 829
420 643
421 807
422 398
423 694
424 379
425 866
426 960
427 786
428 824
429 800
430 710
431 444
432 413
433 804
434 861
435 739
436 641
437 592
438 609
439 668
440 751
441 679
442 923
443 818
444 354
445 533
446 771
447 775
448 748
449 527
450 474
451 853
452 492
453 560
454 808
455 661
456 579
457 843
458 728
459 700
460 820
461 630
462 732
463 604
464 521
465 727
466 743
467 597
468 720
469 454
470 845
471 794
472 847
473 516
474 447
475 752
476 460
477 621
478 901
479 521
480 760
481 778
482 402
483 374
484 459
485 837
486 343
487 755
488 797
489 812
490 776
491 782
492 842
493 803
494 444
495 543
496 836
497 393
498 605
499 835
500 422
501 743
502 695
503 476
504 566
505 514
506 741
507 620
508 506
509 442
510 787
511 563
512 793
513 487
514 434
515 586
516 823
517 852
518 694
519 839
520 785
521 509
522 662
523 447
524 535
525 541
526 555
527 600
528 394
529 582
530 778
531 834
532 539
533 651
534 465
535 714
536 835
537 700
538 627
539 442
540 567
541 862
542 495
543 578
544 601
545 624
546 897
547 374
548 838
549 794
550 456
551 834
552 811
553 695
554 782
555 354
556 602
557 416
558 748
559 657
560 379
561 472
562 622
563 472
564 784
565 871
566 656
567 731
568 832
569 421
570 542
571 442
572 832
573 390
574 759
575 703
576 788
577 1078
578 1034
579 596
580 781
581 674
582 606
583 688
584 777
585 903
586 360
587 774
588 783
589 671
590 656
591 837
592 670
593 844
594 487
595 356
596 1008
597 799
598 472
599 472
600 892
601 563
602 917
603 471
604 807
605 537
606 762
607 341
608 527
609 625
610 799
611 479
612 609
613 837
614 538
615 850
616 426
617 460
618 334
619 357
620 581
621 615
622 409
623 421
624 452
625 479
626 845
627 368
628 616
629 728
630 840
631 458
632 545
633 377
634 523
635 812
636 801
637 460
638 812
639 570
640 589
641 416
642 860
643 693
644 770
645 837
646 687
647 742
648 838
649 783
650 457
651 784
652 704
653 505
654 746
655 738
656 831
657 703
658 557
659 554
660 522
661 802
662 531
663 501
664 814
665 720
666 742
667 335
668 689
669 816
670 698
671 704
672 769
673 837
674 501
675 724
676 712
677 789
678 603
679 402
680 433
681 821
682 434
683 793
684 391
685 808
686 503
687 325
688 857
689 338
690 763
691 400
692 582
693 545
694 502
695 419
696 571
697 794
698 711
699 469
700 768
701 570
702 818
703 824
704 644
705 836
706 397
707 440
708 446
709 601
710 839
711 452
712 827
713 827
714 808
715 634
716 830
717 455
718 758
719 419
720 461
721 347
722 648
723 405
724 439
725 879
726 817
727 682
728 827
729 731
730 740
731 841
732 853
733 510
734 817
735 888
736 771
737 816
738 522
739 456
740 710
741 591
742 769
743 545
744 772
745 436
746 622
747 813
748 775
749 711
750 784
751 851
752 755
753 834
754 376
755 560
756 768
757 611
758 598
759 752
760 678
761 729
762 518
763 575
764 829
765 799
766 806
767 799
768 725
769 807
770 726
771 439
772 831
773 817
774 403
775 821
776 428
777 375
778 414
779 545
780 803
781 343
782 830
783 454
784 459
785 723
786 716
787 493
788 506
789 491
790 833
791 395
792 786
793 779
794 609
795 839
796 899
797 695
798 475
799 683
800 640
801 738
802 889
803 402
804 814
805 428
806 559
807 848
808 653
809 573
810 875
811 868
812 572
813 407
814 353
815 842
816 767
817 713
818 948
819 706
820 836
821 377
822 844
823 838
824 417
825 533
826 848
827 353
828 771
829 798
830 841
831 759
832 778
833 862
834 502
835 434
836 817
837 626
838 476
839 360
840 431
841 661
842 832
843 567
844 664
845 820
846 873
847 753
848 740
849 546
850 769
851 485
852 464
853 784
854 394
855 621
856 443
857 692
858 729
859 340
860 812
861 840
862 669
863 809
864 498
865 412
866 775
867 626
868 823
869 802
870 835
871 594
872 791
873 399
874 763
875 601
876 479
877 443
878 860
879 403
880 406
881 445
882 837
883 866
884 545
885 579
886 872
887 477
888 684
889 563
890 407
891 878
892 757
893 392
894 586
895 520
896 801
897 355
898 802
899 716
900 790
901 840
902 667
903 469
904 662
905 464
906 677
907 516
908 448
909 513
910 904
911 439
912 586
913 654
914 572
915 830
916 797
917 659
918 752
919 478
920 762
921 889
922 827
923 801
924 812
925 445
926 836
927 761
928 668
929 368
930 481
931 561
932 850
933 801
934 351
935 416
936 421
937 648
938 506
939 839
940 839
941 525
942 491
943 481
944 396
945 466
946 758
947 800
948 815
949 390
950 721
951 767
952 889
953 847
954 704
955 452
956 502
957 436
958 534
959 745
960 717
961 835
962 746
963 815
964 723
965 379
966 400
967 770
968 859
969 742
970 818
971 631
972 851
973 769
974 530
975 569
976 605
977 556
978 773
979 649
980 607
981 749
982 881
983 900
984 841
985 793
986 631
987 818
988 781
989 707
990 628
991 678
992 757
993 667
994 734
995 676
996 913
997 523
998 861
999 755
1000 853
1001 883
1002 431
1003 808
1004 1007
1005 625
1006 617
1007 824
1008 511
1009 627
1010 771
1011 824
1012 809
1013 809
1014 996
1015 788
1016 374
1017 333
1018 729
1019 847
1020 628
1021 510
1022 479
1023 448
1024 373
1025 840
1026 411
1027 359
1028 353
1029 439
1030 414
1031 838
1032 566
1033 517
1034 864
1035 814
1036 793
1037 833
1038 865
1039 513
1040 704
1041 805
1042 526
1043 582
1044 368
1045 783
1046 785
1047 743
1048 911
1049 766
1050 699
1051 494
1052 522
1053 878
1054 844
1055 484
1056 816
1057 520
1058 971
1059 491
1060 801
1061 535
1062 809
1063 539
1064 841
1065 733
1066 827
1067 709
1068 408
1069 364
1070 693
1071 1023
1072 830
1073 774
1074 800
1075 549
1076 826
1077 722
1078 580
1079 390
1080 637
1081 416
1082 773
1083 502
1084 775
1085 833
1086 709
1087 636
1088 575
1089 479
1090 843
1091 629
1092 811
1093 629
1094 399
1095 635
1096 396
1097 738
1098 596
1099 858
1100 813
1101 779
1102 584
1103 500
1104 777
1105 428
1106 816
1107 858
1108 561
1109 847
1110 789
1111 864
1112 868
1113 665
1114 698
1115 610
1116 852
1117 618
1118 480
1119 684
1120 842
1121 378
1122 357
1123 621
1124 813
1125 379
1126 670
1127 431
1128 812
1129 806
1130 824
1131 822
1132 826
1133 536
1134 623
1135 343
1136 450
1137 696
1138 714
1139 368
1140 787
1141 800
1142 833
1143 1308
1144 623
1145 500
1146 860
1147 538
1148 771
1149 340
1150 857
1151 786
1152 479
1153 832
1154 1146
1155 848
1156 665
1157 844
1158 801
1159 410
1160 440
1161 603
1162 440
1163 421
1164 815
1165 813
1166 873
1167 691
1168 1037
1169 1260
1170 620
1171 387
1172 843
1173 425
1174 555
1175 787
1176 448
1177 842
1178 456
1179 814
1180 867
1181 824
1182 879
1183 717
1184 678
1185 658
1186 429
1187 800
1188 640
1189 856
1190 830
1191 741
1192 436
1193 756
1194 803
1195 774
1196 743
1197 834
1198 766
1199 580
1200 724
1201 639
1202 974
1203 659
1204 821
1205 383
1206 814
1207 589
1208 543
1209 706
1210 780
1211 528
1212 565
1213 833
1214 354
1215 828
1216 414
1217 355
1218 423
1219 448
1220 859
1221 777
1222 826
1223 640
1224 357
1225 808
1226 852
1227 819
1228 559
1229 689
1230 398
1231 493
1232 586
1233 660
1234 652
1235 546
1236 454
1237 416
1238 645
1239 828
1240 389
1241 580
1242 389
1243 795
1244 595
1245 849
1246 662
1247 524
1248 643
1249 813
1250 881
1251 612
1252 756
1253 694
1254 822
1255 562
1256 487
1257 858
1258 420
1259 410
1260 752
1261 610
1262 477
1263 451
1264 818
1265 835
1266 441
1267 444
1268 789
1269 763
1270 445
1271 581
1272 852
1273 516
1274 801
1275 792
1276 688
1277 867
1278 703
1279 358
1280 464
1281 511
1282 711
1283 456
1284 783
1285 757
1286 798
1287 801
1288 697
1289 803
1290 698
1291 766
1292 505
1293 802
1294 831
1295 1164
1296 1237
1297 621
1298 655
1299 851
1300 827
1301 542
1302 701
1303 719
1304 811
1305 907
1306 809
1307 772
1308 644
1309 803
1310 515
1311 415
1312 651
1313 773
1314 701
1315 442
1316 723
1317 365
1318 835
1319 415
1320 790
1321 404
1322 852
1323 546
1324 379
1325 841
1326 719
1327 377
1328 354
1329 522
1330 654
1331 945
1332 1020
1333 673
1334 716
1335 890
1336 796
1337 592
1338 389
1339 435
1340 480
1341 839
1342 751
1343 839
1344 849
1345 473
1346 368
1347 857
1348 725
1349 568
1350 833
1351 959
1352 872
1353 780
1354 642
1355 412
1356 545
1357 835
1358 449
1359 422
1360 507
1361 413
1362 475
1363 839
1364 820
1365 639
1366 777
1367 699
1368 462
1369 843
1370 841
1371 435
1372 755
1373 906
1374 385
1375 479
1376 440
1377 625
1378 772
1379 832
1380 756
1381 796
1382 736
1383 836
1384 939
1385 485
1386 397
1387 437
1388 827
1389 589
1390 659
1391 756
1392 378
1393 681
1394 665
1395 485
1396 473
1397 630
1398 541
1399 864
1400 777
1401 872
1402 858
1403 846
1404 539
1405 901
1406 865
1407 564
1408 470
1409 521
1410 1013
1411 460
1412 403
1413 645
1414 811
1415 814
1416 384
1417 553
1418 831
1419 607
1420 759
1421 787
1422 489
1423 825
1424 836
1425 704
1426 418
1427 555
1428 750
1429 691
1430 384
1431 471
1432 820
1433 431
1434 461
1435 911
1436 1041
1437 504
1438 658
1439 881
1440 532
1441 418
1442 373
1443 460
1444 757
1445 503
1446 833
1447 537
1448 452
1449 743
1450 399
1451 762
1452 458
1453 835
1454 744
1455 439
1456 429
1457 669
1458 761
1459 646
1460 748
1461 755
1462 813
1463 589
1464 455
1465 829
1466 848
1467 1109
1468 811
1469 663
1470 498
1471 859
1472 452
1473 439
1474 869
1475 696
1476 933
1477 722
1478 899
1479 897
1480 434
1481 473
1482 764
1483 1554
1484 677
1485 626
1486 442
1487 1012
1488 741
1489 794
1490 924
1491 592
1492 623
1493 981
1494 780
1495 792
1496 975
1497 521
1498 508
1499 856
1500 923
1501 490
1502 650
1503 1062
1504 460
1505 977
1506 527
1507 764
1508 941
1509 950
1510 500
1511 694
1512 1742
1513 1040
1514 541
1515 830
1516 681
1517 626
1518 561
1519 931
1520 943
1521 462
1522 767
1523 544
1524 521
1525 962
1526 812
1527 822
1528 611
1529 1027
1530 771
1531 511
1532 1065
1533 969
1534 594
1535 930
1536 737
1537 840
1538 472
1539 793
1540 969
1541 873
1542 787
1543 674
1544 917
1545 963
1546 627
1547 934
1548 846
1549 997
1550 517
1551 989
1552 986
1553 982
1554 907
1555 477
1556 1198
1557 809
1558 494
1559 423
1560 979
1561 481
1562 955
1563 497
1564 661
1565 784
1566 575
1567 899
1568 523
1569 842
1570 902
1571 499
1572 880
1573 912
1574 412
1575 589
1576 493
1577 961
1578 964
1579 990
1580 986
1581 396
1582 887
1583 381
1584 918
1585 529
1586 506
1587 896
1588 876
1589 449
1590 966
1591 726
1592 536
1593 851
1594 912
1595 736
1596 784
1597 664
1598 980
1599 709
1600 792
1601 474
1602 682
1603 883
1604 505
1605 961
1606 935
1607 548
1608 971
1609 789
1610 463
1611 905
1612 750
1613 915
1614 781
1615 459
1616 598
1617 922
1618 459
1619 1106
1620 460
1621 703
1622 669
1623 817
1624 682
1625 571
1626 480
1627 560
1628 498
1629 725
1630 559
1631 475
1632 618
1633 909
1634 524
1635 912
1636 917
1637 676
1638 837
1639 810
1640 497
1641 524
1642 953
1643 593
1644 425
1645 882
1646 939
1647 638
1648 843
1649 565
1650 887
1651 1093
1652 382
1653 946
1654 895
1655 380
1656 860
1657 441
1658 722
1659 970
1660 937
1661 542
1662 424
1663 657
1664 460
1665 823
1666 378
1667 440
1668 883
1669 616
1670 425
1671 431
1672 886
1673 778
1674 662
1675 879
1676 740
1677 425
1678 608
1679 1037
1680 587
1681 436
1682 528
1683 462
1684 696
1685 588
1686 729
1687 578
1688 946
1689 630
1690 873
1691 902
1692 576
1693 723
1694 739
1695 977
1696 734
1697 513
1698 934
1699 975
1700 842
1701 799
1702 1200
1703 936
1704 1114
1705 558
1706 755
1707 504
1708 982
1709 989
1710 586
1711 585
1712 860
1713 761
1714 1089
1715 590
1716 644
1717 1040
1718 530
1719 883
1720 544
1721 823
1722 1005
1723 813
1724 623
1725 612
1726 982
1727 999
1728 968
1729 954
1730 704
1731 525
1732 934
1733 750
1734 932
1735 471
1736 939
1737 637
1738 1004
1739 501
1740 478
1741 434
1742 1199
1743 509
1744 972
1745 534
1746 920
1747 662
1748 854
1749 547
1750 515
1751 475
1752 940
1753 894
1754 859
1755 836
1756 945
1757 851
1758 751
1759 920
1760 938
1761 1190
1762 850
1763 768
1764 1027
1765 700
1766 1017
1767 405
1768 1014
1769 882
1770 1184
1771 1145
1772 1336
1773 646
1774 966
1775 988
1776 1036
1777 637
1778 550
1779 630
1780 996
1781 1396
1782 1325
1783 1171
1784 1494
1785 1207
1786 1552
1787 1465
1788 1191
1789 788
1790 1707
1791 1281
1792 1779
1793 2176
1794 819
1795 1241
1796 1544
1797 1513
1798 664
1799 1275
1800 1320
1801 1271
1802 1207
1803 1290
1804 1375
1805 579
1806 1014
1807 1258
1808 738
1809 886
1810 846
1811 1017
1812 1550
1813 1276
1814 1284
1815 1148
1816 1584
1817 1447
1818 710
1819 724
1820 1180
1821 763
1822 689
1823 1399
1824 1578
1825 1643
1826 1579
1827 1673
1828 1086
1829 1447
1830 821
1831 1436
1832 841
1833 1778
1834 820
1835 1030
1836 1382
1837 1232
1838 711
1839 1145
1840 564
1841 677
1842 1432
1843 834
1844 1099
1845 705
1846 697
1847 1055
1848 1043
1849 854
1850 1509
1851 1425
1852 1676
1853 1090
1854 674
1855 1746
1856 876
1857 1183
1858 1064
1859 1589
1860 1766
1861 1127
1862 1380
1863 662
1864 877
1865 616
1866 979
1867 915
1868 714
1869 1437
1870 1724
1871 1753
1872 1457
1873 1303
1874 1829
1875 775
1876 1318
1877 1217
1878 904
1879 888
1880 972
1881 781
1882 834
1883 1117
1884 593
1885 1344
1886 1017
1887 1474
1888 894
1889 625
1890 896
1891 784
1892 525
1893 948
1894 740
1895 547
1896 626
1897 677
1898 585
1899 1105
1900 1055
1901 972
1902 856
1903 967
1904 819
1905 986
1906 1000
1907 498
1908 720
1909 1005
1910 1341
1911 1425
1912 1313
1913 1144
1914 991
1915 984
1916 899
1917 961
1918 467
1919 693
1920 661
1921 761
1922 520
1923 844
1924 1115
1925 1089
1926 1032
1927 632
1928 1048
1929 1005
1930 742
1931 1020
1932 637
1933 489
1934 1190
1935 1124
1936 969
1937 1045
1938 538
1939 1056
1940 940
1941 1033
1942 895
1943 713
1944 821
1945 1290
1946 1297
1947 1446
1948 1253
1949 1082
1950 581
1951 519
1952 531
1953 942
1954 572
1955 985
1956 1391
1957 1384
1958 992
1959 895
1960 988
1961 981
1962 781
1963 475
1964 702
1965 1287
1966 938
1967 491
1968 1021
1969 1127
1970 647
1971 1019
1972 895
1973 975
1974 906
1975 1028
1976 817
1977 697
1978 1187
1979 911
1980 1132
1981 624
1982 1039
1983 943
1984 456
1985 601
1986 1197
1987 533
1988 970
1989 533
1990 871
1991 1043
1992 1015
1993 522
1994 856
1995 1001
1996 935
1997 413
1998 809
1999 884
2000 544
2001 1057
2002 823
2003 1081
2004 892
2005 1049
2006 827
2007 918
2008 696
2009 940
2010 938
2011 862
2012 1264
2013 1128
2014 904
2015 1046
2016 537
2017 830
2018 603
2019 871
2020 986
2021 1097
2022 1272
2023 1107
2024 1141
2025 801
2026 826
2027 952
2028 1120
2029 921
2030 590
2031 857
2032 785
2033 639
2034 746
2035 593
2036 520
2037 1407
2038 1083
2039 1000
2040 604
2041 951
2042 827
2043 1179
2044 560
2045 555
2046 944
2047 1050
2048 596
2049 1080
2050 1144
2051 630
2052 846
2053 568
2054 735
2055 554
2056 898
2057 945
2058 861
2059 903
2060 1062
2061 620
2062 735
2063 1011
2064 709
2065 835
2066 557
2067 756
2068 622
2069 534
2070 772
2071 596
2072 997
2073 1243
2074 1070
2075 1053
2076 641
2077 905
2078 481
2079 627
2080 831
2081 947
2082 462
2083 1005
2084 1032
2085 536
2086 971
2087 1021
2088 855
2089 580
2090 449
2091 914
2092 736
2093 667
2094 692
2095 435
2096 642
2097 563
2098 529
2099 718
2100 1177
2101 794
2102 766
2103 607
2104 699
2105 996
2106 453
2107 802
2108 793
2109 482
2110 966
2111 861
2112 1168
2113 1039
2114 1265
2115 1263
2116 504
2117 897
2118 1060
2119 1113
2120 1023
2121 872
2122 902
2123 1054
2124 523
2125 754
2126 782
2127 1313
2128 651
2129 861
2130 1028
2131 1139
2132 780
2133 635
2134 1301
2135 519
2136 1019
2137 1198
2138 616
2139 567
2140 751
2141 724
2142 462
2143 905
2144 1039
2145 778
2146 932
2147 592
2148 986
2149 1047
2150 875
2151 659
2152 536
2153 925
2154 437
2155 565
2156 1003
2157 1073
2158 714
2159 497
2160 914
2161 787
2162 959
2163 820
2164 1154
2165 746
2166 501
2167 811
2168 1018
2169 1074
2170 1086
2171 1055
2172 486
2173 660
2174 1073
2175 1167
2176 1113
2177 989
2178 723
2179 750
2180 1091
2181 676
2182 1141
2183 563
2184 980
2185 477
2186 1149
2187 690
2188 1009
2189 608
2190 1073
2191 807
2192 713
2193 996
2194 878
2195 981
2196 476
2197 776
2198 924
2199 936
2200 794
2201 591
2202 1042
2203 983
2204 1151
2205 1089
2206 485
2207 724
2208 1190
2209 777
2210 969
2211 542
2212 857
2213 892
2214 629
2215 630
2216 925
2217 927
2218 1034
2219 411
2220 855
2221 799
2222 464
2223 717
2224 735
2225 434
2226 474
2227 883
2228 949
2229 952
2230 727
2231 437
2232 702
2233 844
2234 958
2235 1013
2236 785
2237 905
2238 510
2239 839
2240 881
2241 985
2242 957
2243 461
2244 976
2245 883
2246 1199
2247 941
2248 585
2249 993
2250 410
2251 754
2252 1311
2253 1151
2254 831
2255 432
2256 484
2257 809
2258 806
2259 761
2260 1174
2261 966
2262 985
2263 871
2264 908
2265 519
2266 695
2267 660
2268 766
2269 898
2270 942
2271 773
2272 1090
2273 1240
2274 661
2275 565
2276 1077
2277 553
2278 514
2279 906
2280 774
2281 1026
2282 949
2283 651
2284 923
2285 977
2286 637
2287 820
2288 886
2289 956
2290 966
2291 969
2292 915
2293 853
2294 387
2295 934
2296 908
2297 704
2298 772
2299 727
2300 604
2301 908
2302 743
2303 608
2304 399
2305 636
2306 733
2307 840
2308 1003
2309 388
2310 504
2311 724
2312 557
2313 557
2314 795
2315 470
2316 694
2317 526
2318 931
2319 564
2320 784
2321 900
2322 776
2323 1026
2324 428
2325 1019
2326 504
2327 986
2328 520
2329 718
2330 947
2331 767
2332 1122
2333 925
2334 647
2335 1014
2336 700
2337 981
2338 657
2339 832
2340 659
2341 442
2342 534
2343 466
2344 968
2345 711
2346 618
2347 480
2348 944
2349 913
2350 957
2351 699
2352 942
2353 672
2354 962
2355 680
2356 856
2357 596
2358 895
2359 936
2360 511
2361 822
2362 455
2363 606
2364 789
2365 952
2366 1036
2367 425
2368 409
2369 717
2370 532
2371 483
2372 434
2373 857
2374 957
2375 951
2376 527
2377 737
2378 792
2379 969
2380 953
2381 927
2382 782
2383 462
2384 962
2385 944
2386 446
2387 809
2388 991
2389 497
2390 711
2391 587
2392 883
2393 908
2394 408
2395 471
2396 802
2397 916
2398 923
2399 699
2400 537
2401 485
2402 866
2403 796
2404 718
2405 825
2406 798
2407 433
2408 461
2409 642
2410 496
2411 458
2412 653
2413 870
2414 438
2415 1135
2416 1121
2417 757
2418 792
2419 777
2420 531
2421 914
2422 705
2423 468
2424 420
2425 828
2426 518
2427 671
2428 843
2429 606
2430 1128
2431 666
2432 927
2433 401
2434 519
2435 548
2436 559
2437 832
2438 599
2439 1440
2440 1070
2441 673
2442 793
2443 1056
2444 494
2445 488
2446 1406
2447 1186
2448 970
2449 870
2450 468
2451 920
2452 798
2453 1006
2454 974
2455 985
2456 541
2457 530
2458 763
2459 660
2460 1105
2461 521
2462 1056
2463 912
2464 635
2465 573
2466 832
2467 960
2468 546
2469 966
2470 954
2471 700
2472 980
2473 878
2474 1124
2475 972
2476 613
2477 514
2478 643
2479 707
2480 492
2481 614
2482 1112
2483 631
2484 441
2485 959
2486 738
2487 956
2488 532
2489 964
2490 798
2491 979
2492 786
2493 697
2494 449
2495 421
2496 902
2497 896
2498 615
2499 1427
2500 1491
2501 1090
2502 1054
2503 838
2504 860
2505 840
2506 1010
2507 599
2508 1018
2509 863
2510 917
2511 944
2512 380
2513 840
2514 507
2515 728
2516 519
2517 920
2518 389
2519 903
2520 409
2521 524
2522 684
2523 837
2524 441
2525 821
2526 419
2527 780
2528 466
2529 903
2530 859
2531 834
2532 833
2533 752
2534 441
2535 507
2536 459
2537 809
2538 531
2539 577
2540 812
2541 403
2542 458
2543 798
2544 688
2545 714
2546 398
2547 602
2548 584
2549 803
2550 365
2551 390
2552 738
2553 765
2554 352
2555 489
2556 400
2557 433
2558 759
2559 676
2560 419
2561 832
2562 442
2563 770
2564 620
2565 451
2566 459
2567 841
2568 716
2569 512
2570 561
2571 702
2572 825
2573 436
2574 843
2575 826
2576 620
2577 886
2578 862
2579 841
2580 793
2581 650
2582 687
2583 573
2584 483
2585 383
2586 413
2587 549
2588 825
2589 619
2590 852
2591 584
2592 442
2593 716
2594 531
2595 600
2596 483
2597 372
2598 361
2599 744
2600 795
2601 616
2602 799
2603 789
2604 779
2605 798
2606 894
2607 576
2608 392
2609 643
2610 571
2611 846
2612 756
2613 559
2614 460
2615 449
2616 797
2617 761
2618 514
2619 477
2620 468
2621 870
2622 871
2623 587
2624 913
2625 606
2626 497
2627 526
2628 653
2629 895
2630 875
2631 478
2632 905
2633 781
2634 921
2635 682
2636 690
2637 602
2638 912
2639 618
2640 449
2641 913
2642 826
2643 810
2644 640
2645 961
2646 767
2647 936
2648 640
2649 670
2650 765
2651 641
2652 513
2653 527
2654 844
2655 907
2656 992
2657 852
2658 846
2659 757
2660 666
2661 437
2662 625
2663 846
2664 606
2665 773
2666 823
2667 892
2668 815
2669 869
2670 474
2671 916
2672 816
2673 916
2674 822
2675 695
2676 542
2677 845
2678 540
2679 1009
2680 577
2681 844
2682 816
2683 548
2684 829
2685 669
2686 847
2687 735
2688 870
2689 633
2690 722
2691 922
2692 482
2693 941
2694 883
2695 880
2696 843
2697 452
2698 811
2699 486
2700 452
2701 434
2702 944
2703 767
2704 704
2705 440
2706 895
2707 452
2708 652
2709 814
2710 694
2711 408
2712 565
2713 540
2714 805
2715 889
2716 599
2717 466
2718 889
2719 815
2720 866
2721 482
2722 826
2723 527
2724 730
2725 624
2726 886
2727 436
2728 414
2729 847
2730 753
2731 532
2732 929
2733 916
2734 507
2735 941
2736 921
2737 915
2738 617
2739 823
2740 878
2741 556
2742 957
2743 854
2744 813
2745 676
2746 340
2747 518
2748 448
2749 792
2750 692
2751 870
2752 774
2753 597
2754 942
2755 934
2756 599
2757 497
2758 701
2759 419
2760 556
2761 748
2762 900
2763 757
2764 487
2765 844
2766 843
2767 650
2768 892
2769 827
2770 457
2771 762
2772 521
2773 528
2774 588
2775 837
2776 602
2777 499
2778 833
2779 838
2780 876
2781 554
2782 882
2783 901
2784 805
2785 481
2786 691
2787 471
2788 903
2789 879
2790 445
2791 434
2792 856
2793 1127
2794 852
2795 470
2796 458
2797 676
2798 422
2799 727
2800 819
2801 852
2802 578
2803 840
2804 548
2805 404
2806 633
2807 588
2808 767
2809 579
2810 391
2811 628
2812 657
2813 825
2814 684
2815 399
2816 679
2817 708
2818 773
2819 818
2820 369
2821 807
2822 775
2823 845
2824 591
2825 503
2826 445
2827 571
2828 367
2829 457
2830 600
2831 367
2832 555
2833 805
2834 836
2835 626
2836 736
2837 435
2838 396
2839 408
2840 369
2841 686
2842 844
2843 401
2844 573
2845 776
2846 383
2847 440
2848 850
2849 756
2850 446
2851 614
2852 763
2853 789
2854 485
2855 838
2856 791
2857 739
2858 854
2859 842
2860 832
2861 689
2862 375
2863 819
2864 849
2865 512
2866 328
2867 733
2868 411
2869 842
2870 909
2871 786
2872 451
2873 809
2874 522
2875 623
2876 866
2877 472
2878 544
2879 730
2880 611
2881 368
2882 749
2883 415
2884 565
2885 806
2886 841
2887 811
2888 838
2889 521
2890 957
2891 697
2892 712
2893 509
2894 563
2895 694
2896 828
2897 770
2898 432
2899 534
2900 850
2901 585
2902 626
2903 844
2904 406
2905 756
2906 613
2907 410
2908 731
2909 431
2910 764
2911 463
2912 799
2913 832
2914 847
2915 484
2916 453
2917 459
2918 474
2919 843
2920 846
2921 497
2922 755
2923 833
2924 455
2925 817
2926 553
2927 857
2928 486
2929 526
2930 379
2931 861
2932 625
2933 412
2934 749
2935 617
2936 791
2937 709
2938 454
2939 348
2940 468
2941 398
2942 409
2943 503
2944 772
2945 778
2946 400
2947 748
2948 842
2949 835
2950 379
2951 414
2952 706
2953 341
2954 444
2955 432
2956 738
2957 689
2958 838
2959 411
2960 531
2961 655
2962 787
2963 545
2964 831
2965 828
2966 548
2967 331
2968 432
2969 637
2970 839
2971 808
2972 809
2973 643
2974 397
2975 768
2976 852
2977 808
2978 401
2979 793
2980 689
2981 729
2982 843
2983 834
2984 724
2985 844
2986 826
2987 827
2988 820
2989 621
2990 743
2991 336
2992 573
2993 609
2994 842
2995 722
2996 1058
2997 457
2998 546
2999 492
3000 1134
3001 825
3002 841
3003 493
3004 626
3005 837
3006 789
3007 824
3008 377
3009 689
3010 636
3011 456
3012 462
3013 729
3014 738
3015 700
3016 651
3017 476
3018 838
3019 415
3020 787
3021 362
3022 440
3023 790
3024 800
3025 556
3026 654
3027 548
3028 770
3029 626
3030 729
3031 680
3032 871
3033 452
3034 693
3035 404
3036 395
3037 730
3038 782
3039 385
3040 724
3041 434
3042 446
3043 942
3044 709
3045 422
3046 442
3047 730
3048 842
3049 733
3050 938
3051 774
3052 798
3053 422
3054 688
3055 574
3056 831
3057 413
3058 765
3059 362
3060 766
3061 818
3062 832
3063 808
3064 404
3065 855
3066 437
3067 831
3068 668
3069 534
3070 487
3071 406
3072 468
3073 700
3074 675
3075 478
3076 810
3077 751
3078 840
3079 718
3080 410
3081 485
3082 1048
3083 398
3084 389
3085 428
3086 545
3087 846
3088 876
3089 850
3090 743
3091 329
3092 747
3093 716
3094 712
3095 755
3096 367
3097 733
3098 723
3099 714
3100 524
3101 748
3102 431
3103 454
3104 829
3105 746
3106 683
3107 686
3108 351
3109 581
3110 655
3111 531
3112 408
3113 487
3114 1009
3115 711
3116 494
3117 815
3118 685
3119 963
3120 418
3121 684
3122 499
3123 828
3124 323
3125 778
3126 605
3127 773
3128 482
3129 816
3130 975
3131 622
3132 903
3133 732
3134 965
3135 509
3136 789
3137 417
3138 768
3139 475
3140 490
3141 793
3142 456
3143 829
3144 840
3145 1029
3146 782
3147 636
3148 977
3149 893
3150 708
3151 987
3152 577
3153 834
3154 846
3155 665
3156 799
3157 848
3158 512
3159 931
3160 941
3161 970
3162 626
3163 908
3164 801
3165 582
3166 418
3167 381
3168 761
3169 901
3170 798
3171 965
3172 608
3173 911
3174 657
3175 863
3176 843
3177 1000
3178 478
3179 497
3180 877
3181 889
3182 769
3183 943
3184 959
3185 947
3186 632
3187 834
3188 451
3189 895
3190 921
3191 520
3192 471
3193 938
3194 944
3195 456
3196 992
3197 463
3198 689
3199 823
3200 889
3201 907
3202 659
3203 857
3204 855
3205 823
3206 371
3207 521
3208 722
3209 779
3210 796
3211 567
3212 412
3213 780
3214 840
3215 637
3216 815
3217 823
3218 746
3219 371
3220 879
3221 739
3222 639
3223 834
3224 555
3225 926
3226 671
3227 341
3228 733
3229 555
3230 806
3231 819
3232 819
3233 788
3234 732
3235 688
3236 640
3237 447
3238 708
3239 410
3240 846
3241 1073
3242 932
3243 869
3244 513
3245 513
3246 713
3247 463
3248 755
3249 447
3250 643
3251 586
3252 698
3253 867
3254 792
3255 382
3256 1094
3257 883
3258 958
3259 812
3260 808
3261 515
3262 999
3263 848
3264 800
3265 701
3266 679
3267 970
3268 944
3269 529
3270 969
3271 649
3272 949
3273 986
3274 980
3275 852
3276 878
3277 544
3278 856
3279 500
3280 1033
3281 1080
3282 1279
3283 1018
3284 970
3285 592
3286 428
3287 775
3288 558
3289 810
3290 862
3291 489
3292 939
3293 458
3294 938
3295 635
3296 508
3297 962
3298 971
3299 1091
3300 560
3301 720
3302 931
3303 684
3304 926
3305 937
3306 423
3307 827
3308 832
3309 430
3310 898
3311 892
3312 905
3313 803
3314 611
3315 920
3316 699
3317 867
3318 767
3319 852
3320 836
3321 700
3322 496
3323 461
3324 474
3325 885
3326 892
3327 647
3328 439
3329 863
3330 635
3331 864
3332 915
3333 551
3334 592
3335 603
3336 832
3337 581
3338 586
3339 478
3340 839
3341 937
3342 375
3343 433
3344 620
3345 792
3346 350
3347 559
3348 473
3349 839
3350 710
3351 625
3352 795
3353 729
3354 356
3355 859
3356 455
3357 565
3358 421
3359 393
3360 828
3361 742
3362 777
3363 414
3364 525
3365 444
3366 555
3367 858
3368 750
3369 756
3370 468
3371 400
3372 730
3373 786
3374 436
3375 651
3376 365
3377 833
3378 590
3379 785
3380 636
3381 547
3382 672
3383 371
3384 848
3385 451
3386 502
3387 843
3388 766
3389 326
3390 412
3391 449
3392 734
3393 838
3394 751
3395 864
3396 828
3397 895
3398 606
3399 845
3400 366
3401 374
3402 628
3403 610
3404 575
3405 361
3406 638
3407 856
3408 846
3409 419
3410 808
3411 612
3412 558
3413 675
3414 802
3415 753
3416 492
3417 834
3418 842
3419 537
3420 776
3421 847
3422 835
3423 451
3424 799
3425 582
3426 839
3427 839
3428 757
3429 417
3430 441
3431 379
3432 809
3433 364
3434 770
3435 439
3436 629
3437 442
3438 703
3439 428
3440 834
3441 350
3442 424
3443 794
3444 586
3445 579
3446 635
3447 617
3448 408
3449 781
3450 847
3451 701
3452 804
3453 537
3454 843
3455 700
3456 683
3457 774
3458 521
3459 430
3460 516
3461 841
3462 689
3463 675
3464 780
3465 347
3466 800
3467 432
3468 370
3469 534
3470 350
3471 689
3472 753
3473 646
3474 835
3475 747
3476 450
3477 743
3478 411
3479 700
3480 698
3481 725
3482 555
3483 797
3484 650
3485 374
3486 581
3487 639
3488 621
3489 612
3490 780
3491 603
3492 797
3493 773
3494 466
3495 877
3496 382
3497 409
3498 647
3499 608
3500 364
3501 423
3502 810
3503 737
3504 520
3505 396
3506 469
3507 412
3508 793
3509 869
3510 412
3511 505
3512 659
3513 619
3514 459
3515 564
3516 481
3517 428
3518 741
3519 771
3520 634
3521 748
3522 835
3523 464
3524 758
3525 466
3526 455
3527 770
3528 809
3529 387
3530 693
3531 638
3532 788
3533 680
3534 876
3535 789
3536 445
3537 904
3538 570
3539 776
3540 816
3541 832
3542 917
3543 769
3544 888
3545 719
3546 409
3547 431
3548 879
3549 398
3550 1069
3551 508
3552 719
3553 590
3554 483
3555 610
3556 654
3557 885
3558 895
3559 843
3560 469
3561 748
3562 815
3563 868
3564 931
3565 479
3566 560
3567 795
3568 473
3569 485
3570 766
3571 655
3572 498
3573 711
3574 514
3575 446
3576 420
3577 612
3578 435
3579 510
3580 456
3581 670
3582 746
3583 946
3584 941
3585 461
3586 848
3587 622
3588 942
3589 701
3590 479
3591 857
3592 754
3593 750
3594 836
3595 749
3596 477
3597 837
3598 445
3599 720
3600 602
3601 723
3602 811
3603 463
3604 690
3605 619
3606 713
3607 823
3608 860
3609 882
3610 894
3611 692
3612 749
3613 873
3614 875
3615 918
3616 850
3617 740
3618 409
3619 444
3620 572
3621 492
3622 343
3623 856
3624 802
3625 838
3626 869
3627 717
3628 494
3629 423
3630 498
3631 840
3632 654
3633 929
3634 699
3635 880
3636 418
3637 796
3638 533
3639 1221
3640 705
3641 651
3642 1261
3643 856
3644 678
3645 716
3646 369
3647 809
3648 642
3649 539
3650 852
3651 504
3652 955
3653 936
3654 895
3655 639
3656 935
3657 903
3658 924
3659 436
3660 1102
3661 709
3662 750
3663 488
3664 1096
3665 491
3666 484
3667 773
3668 816
3669 810
3670 1100
3671 933
3672 929
3673 868
3674 547
3675 744
3676 1199
3677 823
3678 891
3679 516
3680 599
3681 870
3682 848
3683 677
3684 495
3685 884
3686 1086
3687 615
3688 1037
3689 541
3690 625
3691 958
3692 514
3693 890
3694 583
3695 962
3696 654
3697 942
3698 670
3699 506
3700 718
3701 650
3702 534
3703 675
3704 1078
3705 1168
3706 734
3707 794
3708 965
3709 676
3710 1044
3711 979
3712 890
3713 628
3714 1032
3715 1141
3716 805
3717 1007
3718 974
3719 1003
3720 460
3721 946
3722 509
3723 964
3724 710
3725 914
3726 1009
3727 546
3728 991
3729 734
3730 601
3731 821
3732 894
3733 661
3734 929
3735 763
3736 632
3737 886
3738 922
3739 760
3740 415
3741 878
3742 832
3743 853
3744 706
3745 648
3746 858
3747 393
3748 605
3749 830
3750 889
3751 612
3752 356
3753 826
3754 758
3755 422
3756 769
3757 844
3758 828
3759 491
3760 652
3761 700
3762 819
3763 814
3764 841
3765 707
3766 696
3767 838
3768 716
3769 761
3770 821
3771 675
3772 847
3773 819
3774 576
3775 414
3776 736
3777 842
3778 574
3779 720
3780 901
3781 614
3782 464
3783 771
3784 376
3785 759
3786 436
3787 454
3788 759
3789 375
3790 505
3791 779
3792 582
3793 367
3794 458
3795 382
3796 573
3797 845
3798 632
3799 705
3800 662
3801 732
3802 827
3803 849
3804 832
3805 716
3806 619
3807 584
3808 663
3809 762
3810 679
3811 381
3812 725
3813 516
3814 831
3815 450
3816 840
3817 420
3818 845
3819 412
3820 530
3821 755
3822 435
3823 752
3824 778
3825 696
3826 477
3827 362
3828 823
3829 826
3830 422
3831 777
3832 719
3833 504
3834 616
3835 392
3836 851
3837 539
3838 398
3839 599
3840 453
3841 755
3842 579
3843 779
3844 828
3845 723
3846 752
3847 799
3848 764
3849 451
3850 498
3851 832
3852 807
3853 384
3854 628
3855 339
3856 823
3857 637
3858 461
3859 938
3860 830
3861 416
3862 641
3863 647
3864 557
3865 409
3866 441
3867 692
3868 346
3869 728
3870 756
3871 780
3872 822
3873 350
3874 758
3875 630
3876 818
3877 787
3878 818
3879 771
3880 530
3881 836
3882 804
3883 783
3884 534
3885 431
3886 771
3887 785
3888 445
3889 738
3890 617
3891 761
3892 833
3893 488
3894 1199
3895 509
3896 1064
3897 453
3898 409
3899 782
3900 668
3901 598
3902 535
3903 827
3904 594
3905 446
3906 624
3907 871
3908 806
3909 1216
3910 1055
3911 711
3912 807
3913 954
3914 385
3915 769
3916 468
3917 793
3918 699
3919 847
3920 418
3921 823
3922 673
3923 852
3924 570
3925 812
3926 787
3927 376
3928 411
3929 828
3930 848
3931 493
3932 865
3933 607
3934 620
3935 764
3936 527
3937 466
3938 791
3939 525
3940 816
3941 508
3942 590
3943 650
3944 361
3945 741
3946 777
3947 772
3948 351
3949 674
3950 830
3951 838
3952 599
3953 411
3954 776
3955 828
3956 649
3957 562
3958 426
3959 847
3960 528
3961 838
3962 518
3963 764
3964 773
3965 832
3966 827
3967 817
3968 685
3969 785
3970 552
3971 509
3972 481
3973 490
3974 668
3975 376
3976 728
3977 665
3978 362
3979 794
3980 817
3981 848
3982 700
3983 778
3984 571
3985 832
3986 583
3987 725
3988 626
3989 425
3990 423
3991 850
3992 494
3993 720
3994 439
3995 765
3996 842
3997 678
3998 749
3999 511
4000 723
4001 585
4002 851
4003 510
4004 481
4005 453
4006 357
4007 636
4008 584
4009 378
4010 797
4011 642
4012 821
4013 492
4014 791
4015 473
4016 813
4017 696
4018 384
4019 625
4020 402
4021 851
4022 383
4023 590
4024 511
4025 842
4026 357
4027 801
4028 837
4029 724
4030 622
4031 562
4032 359
4033 367
4034 692
4035 847
4036 782
4037 747
4038 754
4039 718
4040 715
4041 639
4042 459
4043 432
4044 512
4045 490
4046 802
4047 848
4048 698
4049 446
4050 827
4051 831
4052 778
4053 436
4054 773
4055 411
4056 850
4057 557
4058 507
4059 692
4060 788
4061 815
4062 374
4063 724
4064 801
4065 846
4066 822
4067 446
4068 526
4069 740
4070 801
4071 666
4072 790
4073 597
4074 643
4075 847
4076 488
4077 672
4078 702
4079 756
4080 382
4081 839
4082 801
4083 913
4084 417
4085 863
4086 856
4087 701
4088 632
4089 832
4090 636
4091 850
4092 826
4093 398
4094 682
4095 458
4096 840
4097 802
4098 760
4099 790
4100 844
4101 551
4102 707
4103 632
4104 376
4105 448
4106 853
4107 435
4108 773
4109 510
4110 1105
4111 1253
4112 839
4113 797
4114 361
4115 578
4116 848
4117 835
4118 327
4119 510
4120 837
4121 1022
4122 432
4123 796
4124 758
4125 687
4126 473
4127 644
4128 557
4129 793
4130 646
4131 637
4132 597
4133 871
4134 584
4135 611
4136 848
4137 842
4138 467
4139 709
4140 774
4141 691
4142 800
4143 485
4144 574
4145 509
4146 481
4147 687
4148 619
4149 441
4150 662
4151 814
4152 654
4153 836
4154 762
4155 530
4156 775
4157 394
4158 357
4159 930
4160 892
4161 580
4162 460
4163 746
4164 645
4165 411
4166 803
4167 423
4168 825
4169 491
4170 691
4171 845
4172 528
4173 832
4174 845
4175 633
4176 760
4177 820
4178 602
4179 835
4180 638
4181 601
4182 728
4183 618
4184 441
4185 511
4186 833
4187 787
4188 661
4189 617
4190 810
4191 627
4192 814
4193 569
4194 812
4195 767
4196 734
4197 462
4198 725
4199 728
4200 372
4201 464
4202 622
4203 833
4204 801
4205 845
4206 777
4207 694
4208 685
4209 355
4210 783
4211 840
4212 727
4213 417
4214 578
4215 415
4216 606
4217 689
4218 749
4219 749
4220 404
4221 850
4222 616
4223 818
4224 655
4225 401
4226 802
4227 700
4228 348
4229 459
4230 471
4231 403
4232 545
4233 807
4234 516
4235 911
4236 760
4237 497
4238 922
4239 806
4240 891
4241 841
4242 754
4243 448
4244 641
4245 763
4246 840
4247 645
4248 570
4249 650
4250 392
4251 843
4252 687
4253 467
4254 518
4255 793
4256 776
4257 814
4258 615
4259 543
4260 572
4261 556
4262 664
4263 664
4264 425
4265 635
4266 831
4267 819
4268 717
4269 388
4270 811
4271 689
4272 815
4273 892
4274 763
4275 465
4276 507
4277 797
4278 498
4279 624
4280 805
4281 408
4282 859
4283 631
4284 837
4285 625
4286 458
4287 766
4288 386
4289 805
4290 561
4291 612
4292 406
4293 406
4294 518
4295 831
4296 633
4297 435
4298 817
4299 358
4300 843
4301 788
4302 846
4303 832
4304 450
4305 796
4306 718
4307 782
4308 445
4309 541
4310 371
4311 853
4312 834
4313 652
4314 447
4315 536
4316 746
4317 745
4318 568
4319 757
4320 565
4321 476
4322 695
4323 430
4324 578
4325 817
4326 703
4327 427
4328 547
4329 816
4330 749
4331 747
4332 470
4333 836
4334 834
4335 660
4336 506
4337 557
4338 707
4339 846
4340 398
4341 573
4342 770
4343 382
4344 634
4345 442
4346 858
4347 801
4348 368
4349 678
4350 743
4351 771
4352 663
4353 665
4354 662
4355 733
4356 528
4357 425
4358 772
4359 808
4360 551
4361 832
4362 723
4363 392
4364 757
4365 600
4366 560
4367 684
4368 462
4369 686
4370 363
4371 604
4372 409
4373 659
4374 657
4375 794
4376 739
4377 624
4378 675
4379 647
4380 806
4381 430
4382 436
4383 389
4384 843
4385 370
4386 503
4387 433
4388 529
4389 558
4390 841
4391 666
4392 800
4393 328
4394 429
4395 670
4396 680
4397 799
4398 536
4399 738
4400 839
4401 720
4402 477
4403 515
4404 865
4405 819
4406 679
4407 804
4408 812
4409 370
4410 825
4411 808
4412 752
4413 391
4414 400
4415 466
4416 403
4417 753
4418 820
4419 585
4420 450
4421 827
4422 782
4423 415
4424 393
4425 817
4426 525
4427 777
4428 769
4429 691
4430 845
4431 636
4432 822
4433 840
4434 440
4435 450
4436 360
4437 663
4438 419
4439 788
4440 388
4441 584
4442 798
4443 504
4444 748
4445 659
4446 551
4447 826
4448 433
4449 792
4450 757
4451 819
4452 428
4453 413
4454 832
4455 690
4456 408
4457 434
4458 794
4459 805
4460 362
4461 532
4462 398
4463 721
4464 800
4465 675
4466 844
4467 844
4468 397
4469 596
4470 425
4471 799
4472 418
4473 762
4474 786
4475 771
4476 710
4477 820
4478 683
4479 404
4480 835
4481 633
4482 840
4483 607
4484 438
4485 700
4486 822
4487 607
4488 502
4489 684
4490 531
4491 784
4492 835
4493 799
4494 767
4495 774
4496 740
4497 818
4498 392
4499 730
4500 759
4501 429
4502 718
4503 690
4504 829
4505 417
4506 978
4507 695
4508 905
4509 849
4510 501
4511 1014
4512 881
4513 483
4514 874
4515 466
4516 855
4517 876
4518 463
4519 577
4520 420
4521 666
4522 449
4523 914
4524 684
4525 508
4526 415
4527 900
4528 823
4529 527
4530 463
4531 856
4532 924
4533 520
4534 844
4535 541
4536 705
4537 394
4538 923
4539 922
4540 933
4541 418
4542 595
4543 754
4544 878
4545 607
4546 621
4547 886
4548 876
4549 888
4550 505
4551 709
4552 682
4553 838
4554 584
4555 867
4556 756
4557 478
4558 655
4559 585
4560 398
4561 431
4562 504
4563 517
4564 577
4565 832
4566 887
4567 471
4568 492
4569 649
4570 403
4571 607
4572 391
4573 811
4574 697
4575 838
4576 610
4577 815
4578 542
4579 790
4580 817
4581 403
4582 378
4583 812
4584 567
4585 586
4586 620
4587 351
4588 407
4589 629
4590 832
4591 786
4592 805
4593 567
4594 738
4595 455
4596 568
4597 588
4598 616
4599 733
4600 784
4601 773
4602 712
4603 789
4604 775
4605 670
4606 629
4607 674
4608 846
4609 825
4610 842
4611 456
4612 756
4613 741
4614 477
4615 673
4616 465
4617 779
4618 397
4619 756
4620 401
4621 773
4622 546
4623 776
4624 801
4625 843
4626 648
4627 839
4628 624
4629 836
4630 738
4631 655
4632 657
4633 652
4634 425
4635 634
4636 675
4637 369
4638 364
4639 574
4640 720
4641 574
4642 845
4643 615
4644 713
4645 705
4646 828
4647 625
4648 890
4649 810
4650 844
4651 746
4652 526
4653 816
4654 808
4655 619
4656 455
4657 811
4658 745
4659 479
4660 351
4661 679
4662 670
4663 876
4664 600
4665 912
4666 861
4667 786
4668 447
4669 433
4670 862
4671 713
4672 848
4673 444
4674 833
4675 444
4676 662
4677 703
4678 845
4679 711
4680 491
4681 695
4682 738
4683 855
4684 928
4685 870
4686 834
4687 427
4688 742
4689 902
4690 766
4691 637
4692 765
4693 480
4694 987
4695 830
4696 842
4697 650
4698 570
4699 576
4700 487
4701 751
4702 769
4703 396
4704 536
4705 463
4706 475
4707 520
4708 629
4709 873
4710 841
4711 819
4712 405
4713 402
4714 548
4715 345
4716 576
4717 880
4718 996
4719 896
4720 904
4721 905
4722 497
4723 880
4724 837
4725 807
4726 862
4727 660
4728 637
4729 900
4730 597
4731 516
4732 863
4733 932
4734 625
4735 609
4736 911
4737 725
4738 686
4739 679
4740 700
4741 904
4742 542
4743 449
4744 417
4745 742
4746 861
4747 809
4748 628
4749 376
4750 635
4751 839
4752 487
4753 784
4754 683
4755 776
4756 836
4757 752
4758 825
4759 839
4760 444
4761 744
4762 736
4763 453
4764 789
4765 818
4766 497
4767 446
4768 749
4769 541
4770 784
4771 820
4772 587
4773 515
4774 815
4775 810
4776 836
4777 538
4778 553
4779 781
4780 749
4781 848
4782 471
4783 472
4784 540
4785 439
4786 904
4787 623
4788 781
4789 424
4790 695
4791 401
4792 798
4793 840
4794 728
4795 731
4796 775
4797 768
4798 627
4799 810
4800 812
4801 749
4802 796
4803 828
4804 412
4805 387
4806 400
4807 559
4808 730
4809 842
4810 404
4811 470
4812 831
4813 614
4814 608
4815 393
4816 633
4817 683
4818 717
4819 435
4820 486
4821 460
4822 821
4823 706
4824 426
4825 612
4826 632
4827 853
4828 805
4829 725
4830 777
4831 839
4832 735
4833 589
4834 631
4835 819
4836 834
4837 785
4838 545
4839 500
4840 797
4841 812
4842 456
4843 763
4844 875
4845 583
4846 507
4847 732
4848 684
4849 811
4850 609
4851 421
4852 768
4853 445
4854 397
4855 814
4856 577
4857 839
4858 340
4859 838
4860 762
4861 567
4862 563
4863 464
4864 637
4865 580
4866 492
4867 745
4868 513
4869 822
4870 499
4871 780
4872 716
4873 529
4874 467
4875 620
4876 558
4877 730
4878 392
4879 680
4880 534
4881 434
4882 839
4883 781
4884 533
4885 434
4886 415
4887 536
4888 519
4889 779
4890 829
4891 850
4892 818
4893 628
4894 541
4895 834
4896 817
4897 844
4898 787
4899 469
4900 367
4901 439
4902 808
4903 615
4904 601
4905 788
4906 604
4907 783
4908 472
4909 842
4910 421
4911 591
4912 489
4913 557
4914 703
4915 527
4916 576
4917 500
4918 719
4919 757
4920 847
4921 833
4922 429
4923 362
4924 794
4925 834
4926 811
4927 522
4928 694
4929 762
4930 553
4931 381
4932 762
4933 450
4934 336
4935 805
4936 749
4937 468
4938 695
4939 745
4940 831
4941 582
4942 732
4943 835
4944 822
4945 750
4946 783
4947 777
4948 556
4949 849
4950 743
4951 544
4952 815
4953 429
4954 421
4955 544
4956 817
4957 558
4958 845
4959 753
4960 355
4961 786
4962 503
4963 705
4964 801
4965 766
4966 511
4967 831
4968 740
4969 788
4970 356
4971 833
4972 424
4973 500
4974 687
4975 843
4976 470
4977 434
4978 773
4979 952
4980 826
4981 576
4982 418
4983 713
4984 634
4985 362
4986 773
4987 822
4988 832
4989 771
4990 850
4991 750
4992 787
4993 788
4994 443
4995 809
4996 325
4997 810
4998 753
4999 361
5000 795
5001 614
5002 654
5003 345
5004 796
5005 668
5006 778
5007 560
5008 814
5009 697
5010 344
5011 577
5012 828
5013 745
5014 805
5015 423
5016 945
5017 799
5018 805
5019 788
5020 831
5021 515
5022 585
5023 814
5024 827
5025 766
5026 559
5027 840
5028 557
5029 749
5030 816
5031 838
5032 568
5033 834
5034 843
5035 929
5036 402
5037 750
5038 517
5039 441
5040 616
5041 802
5042 778
5043 973
5044 917
5045 795
5046 691
5047 785
5048 557
5049 543
5050 981
5051 826
5052 869
5053 531
5054 399
5055 630
5056 819
5057 908
5058 936
5059 750
5060 327
5061 487
5062 818
5063 426
5064 522
5065 391
5066 656
5067 644
5068 653
5069 478
5070 727
5071 389
5072 583
5073 859
5074 837
5075 457
5076 744
5077 395
5078 791
5079 683
5080 823
5081 435
5082 440
5083 438
5084 562
5085 548
5086 528
5087 343
5088 502
5089 573
5090 818
5091 779
5092 389
5093 715
5094 943
5095 792
5096 881
5097 918
5098 404
5099 433
5100 469
5101 906
5102 913
5103 911
5104 663
5105 467
5106 888
5107 924
5108 910
5109 897
5110 798
5111 816
5112 622
5113 932
5114 466
5115 510
5116 457
5117 642
5118 751
5119 434
5120 605
5121 747
5122 762
5123 831
5124 955
5125 776
5126 814
5127 648
5128 874
5129 813
5130 868
5131 850
5132 524
5133 925
5134 562
5135 911
5136 896
5137 694
5138 932
5139 910
5140 911
5141 885
5142 815
5143 562
5144 743
5145 865
5146 864
5147 897
5148 521
5149 556
5150 882
5151 819
5152 984
5153 755
5154 723
5155 836
5156 728
5157 914
5158 776
5159 434
5160 832
5161 724
5162 705
5163 767
5164 796
5165 369
5166 498
5167 794
5168 830
5169 408
5170 849
5171 437
5172 508
5173 763
5174 681
5175 662
5176 739
5177 810
5178 687
5179 773
5180 467
5181 464
5182 723
5183 834
5184 456
5185 760
5186 599
5187 387
5188 671
5189 836
5190 861
5191 426
5192 355
5193 522
5194 854
5195 834
5196 820
5197 773
5198 653
5199 475
5200 672
5201 787
5202 825
5203 385
5204 415
5205 811
5206 823
5207 725
5208 770
5209 651
5210 471
5211 805
5212 457
5213 503
5214 891
5215 544
5216 842
5217 854
5218 734
5219 485
5220 693
5221 866
5222 515
5223 731
5224 839
5225 436
5226 349
5227 811
5228 862
5229 478
5230 471
5231 834
5232 821
5233 589
5234 1072
5235 921
5236 890
5237 675
5238 927
5239 640
5240 621
5241 840
5242 733
5243 943
5244 598
5245 867
5246 727
5247 477
5248 591
5249 549
5250 839
5251 614
5252 501
5253 916
5254 828
5255 418
5256 902
5257 855
5258 712
5259 934
5260 356
5261 806
5262 914
5263 818
5264 579
5265 733
5266 716
5267 727
5268 746
5269 441
5270 847
5271 445
5272 377
5273 825
5274 873
5275 665
5276 750
5277 384
5278 664
5279 739
5280 769
5281 798
5282 754
5283 398
5284 838
5285 841
5286 740
5287 369
5288 357
5289 679
5290 726
5291 840
5292 598
5293 463
5294 595
5295 811
5296 849
5297 424
5298 328
5299 542
5300 728
5301 617
5302 521
5303 813
5304 429
5305 357
5306 860
5307 643
5308 563
5309 795
5310 860
5311 829
5312 944
5313 921
5314 719
5315 822
5316 450
5317 690
5318 893
5319 887
5320 914
5321 558
5322 876
5323 725
5324 470
5325 612
5326 908
5327 891
5328 919
5329 524
5330 955
5331 425
5332 791
5333 351
5334 764
5335 476
5336 663
5337 404
5338 810
5339 719
5340 802
5341 513
5342 428
5343 335
5344 330
5345 527
5346 517
5347 829
5348 802
5349 342
5350 350
5351 792
5352 773
5353 424
5354 658
5355 367
5356 809
5357 718
5358 784
5359 669
5360 910
5361 352
5362 388
5363 451
5364 758
5365 622
5366 733
5367 740
5368 440
5369 764
5370 356
5371 725
5372 848
5373 398
5374 725
5375 828
5376 640
5377 545
5378 835
5379 659
5380 437
5381 443
5382 829
5383 778
5384 752
5385 663
5386 835
5387 802
5388 568
5389 502
5390 696
5391 790
5392 541
5393 364
5394 817
5395 846
5396 704
5397 792
5398 850
5399 436
5400 435
5401 372
5402 693
5403 834
5404 759
5405 397
5406 840
5407 799
5408 754
5409 506
5410 564
5411 802
5412 825
5413 471
5414 851
5415 799
5416 778
5417 446
5418 597
5419 820
5420 829
5421 800
5422 695
5423 706
5424 842
5425 727
5426 827
5427 391
5428 839
5429 447
5430 796
5431 583
5432 798
5433 804
5434 590
5435 574
5436 836
5437 634
5438 851
5439 573
5440 848
5441 694
5442 828
5443 970
5444 767
5445 829
5446 797
5447 634
5448 830
5449 620
5450 415
5451 595
5452 797
5453 444
5454 629
5455 649
5456 589
5457 828
5458 376
5459 598
5460 893
5461 488
5462 781
5463 470
5464 611
5465 635
5466 849
5467 521
5468 718
5469 767
5470 594
5471 722
5472 850
5473 424
5474 420
5475 828
5476 835
5477 482
5478 843
5479 640
5480 832
5481 796
5482 499
5483 574
5484 637
5485 842
5486 836
5487 479
5488 784
5489 536
5490 462
5491 712
5492 815
5493 823
5494 727
5495 666
5496 841
5497 533
5498 483
5499 831
5500 829
5501 832
5502 633
5503 808
5504 738
5505 546
5506 810
5507 843
5508 758
5509 853
5510 555
5511 894
5512 801
5513 732
5514 926
5515 812
5516 769
5517 595
5518 954
5519 492
5520 702
5521 858
5522 600
5523 808
5524 707
5525 438
5526 843
5527 790
5528 454
5529 802
5530 363
5531 345
5532 653
5533 846
5534 844
5535 790
5536 793
5537 717
5538 892
5539 834
5540 419
5541 759
5542 415
5543 421
5544 522
5545 676
5546 840
5547 353
5548 906
5549 1064
5550 1237
5551 589
5552 840
5553 713
5554 797
5555 875
5556 967
5557 899
5558 1006
5559 916
5560 579
5561 925
5562 1184
5563 868
5564 592
5565 843
5566 705
5567 975
5568 1030
5569 956
5570 441
5571 973
5572 918
5573 862
5574 541
5575 433
5576 856
5577 1106
5578 1427
5579 496
5580 692
5581 950
5582 497
5583 488
5584 698
5585 1006
5586 878
5587 517
5588 847
5589 950
5590 722
5591 657
5592 1109
5593 539
5594 708
5595 818
5596 703
5597 935
5598 903
5599 701
5600 819
5601 654
5602 626
5603 580
5604 567
5605 507
5606 513
5607 810
5608 452
5609 808
5610 451
5611 507
5612 463
5613 637
5614 414
5615 714
5616 611
5617 844
5618 486
5619 1168
5620 587
5621 492
5622 898
5623 673
5624 455
5625 868
5626 742
5627 918
5628 937
5629 949
5630 1369
5631 503
5632 869
5633 1276
5634 1065
5635 1004
5636 526
5637 891
5638 763
5639 526
5640 492
5641 883
5642 534
5643 939
5644 780
5645 612
5646 998
5647 1082
5648 865
5649 968
5650 782
5651 611
5652 596
5653 477
5654 915
5655 619
5656 963
5657 603
5658 925
5659 646
5660 874
5661 588
5662 869
5663 920
5664 588
5665 810
5666 635
5667 963
5668 709
5669 972
5670 970
5671 662
5672 883
5673 522
5674 949
5675 604
5676 843
5677 458
5678 391
5679 979
5680 942
5681 480
5682 782
5683 497
5684 852
5685 832
5686 973
5687 1282
5688 1156
5689 765
5690 676
5691 947
5692 799
5693 780
5694 517
5695 979
5696 568
5697 442
5698 526
5699 670
5700 1226
5701 948
5702 825
5703 522
5704 948
5705 829
5706 938
5707 756
5708 456
5709 940
5710 919
5711 1261
5712 638
5713 1126
5714 608
5715 1179
5716 514
5717 606
5718 1024
5719 746
5720 512
5721 530
5722 996
5723 792
5724 549
5725 972
5726 611
5727 638
5728 706
5729 947
5730 413
5731 764
5732 416
5733 1142
5734 505
5735 897
5736 986
5737 986
5738 920
5739 938
5740 623
5741 924
5742 897
5743 902
5744 814
5745 1132
5746 1049
5747 594
5748 691
5749 532
5750 564
5751 996
5752 862
5753 857
5754 674
5755 582
5756 753
5757 557
5758 1068
5759 942
5760 496
5761 931
5762 390
5763 1021
5764 672
5765 1344
5766 583
5767 958
5768 549
5769 844
5770 591
5771 461
5772 1180
5773 1101
5774 570
5775 411
5776 749
5777 911
5778 835
5779 943
5780 931
5781 959
5782 624
5783 914
5784 775
5785 563
5786 719
5787 954
5788 757
5789 766
5790 893
5791 701
5792 905
5793 611
5794 771
5795 874
5796 913
5797 528
5798 965
5799 479
5800 781
5801 968
5802 916
5803 536
5804 520
5805 679
5806 444
5807 518
5808 572
5809 948
5810 978
5811 527
5812 946
5813 465
5814 589
5815 860
5816 508
5817 1013
5818 670
5819 650
5820 651
5821 509
5822 939
5823 866
5824 751
5825 751
5826 894
5827 621
5828 898
5829 602
5830 608
5831 492
5832 862
5833 821
5834 960
5835 981
5836 773
5837 886
5838 1195
5839 920
5840 695
5841 1069
5842 840
5843 879
5844 709
5845 439
5846 926
5847 1007
5848 712
5849 881
5850 794
5851 857
5852 804
5853 858
5854 962
5855 779
5856 497
5857 950
5858 1103
5859 1198
5860 1241
5861 605
5862 1052
5863 1064
5864 1452
5865 946
5866 412
5867 715
5868 799
5869 900
5870 1245
5871 971
5872 925
5873 844
5874 1022
5875 682
5876 949
5877 941
5878 1091
5879 1047
5880 814
5881 1318
5882 645
5883 837
5884 1381
5885 1304
5886 1352
5887 734
5888 1467
5889 825
5890 989
5891 475
5892 1081
5893 1229
5894 886
5895 1193
5896 1522
5897 1664
5898 823
5899 1035
5900 657
5901 1380
5902 1698
5903 1780
5904 730
5905 501
5906 1550
5907 716
5908 1423
5909 1403
5910 1131
5911 1199
5912 1382
5913 654
5914 1304
5915 962
5916 1381
5917 607
5918 742
5919 623
5920 1288
5921 1328
5922 941
5923 1209
5924 1161
5925 1403
5926 1368
5927 1422
5928 1221
5929 822
5930 800
5931 1355
5932 686
5933 1352
5934 659
5935 1272
5936 814
5937 1589
5938 1854
5939 806
5940 1301
5941 1160
5942 1077
5943 915
5944 1195
5945 618
5946 1197
5947 945
5948 903
5949 1624
5950 1420
5951 882
5952 1299
5953 821
5954 758
5955 1745
5956 797
5957 879
5958 991
5959 1859
5960 748
5961 1610
5962 1212
5963 1611
5964 733
5965 1782
5966 1323
5967 1825
5968 1878
5969 1534
5970 2103
5971 1211
5972 835
5973 769
5974 1541
5975 1270
5976 1686
5977 1669
5978 1727
5979 1246
5980 1102
5981 932
5982 948
5983 1899
5984 1864
5985 848
5986 1658
5987 1594
5988 2003
5989 1743
5990 1744
5991 1660
5992 1604
5993 653
5994 1423
5995 1518
5996 972
5997 981
5998 1364
5999 1691
6000 1491
6001 1236
6002 1563
6003 1583
6004 1328
6005 956
6006 653
6007 653
6008 1630
6009 1552
6010 1477
6011 1775
6012 1729
6013 921
6014 1150
6015 1451
6016 865
6017 1686
6018 635
6019 1471
6020 533
6021 1110
6022 722
6023 908
6024 1153
6025 973
6026 1203
6027 1397
6028 1440
6029 633
6030 1216
6031 1208
6032 663
6033 1146
6034 804
6035 1288
6036 1604
6037 643
6038 790
6039 578
6040 857
6041 964
6042 898
6043 741
6044 1370
6045 830
6046 621
6047 1115
6048 1247
6049 563
6050 1069
6051 1227
6052 783
6053 1107
6054 1304
6055 966
6056 1063
6057 1427
6058 822
6059 562
6060 498
6061 504
6062 1024
6063 1214
6064 712
6065 722
6066 843
6067 1244
6068 1096
6069 1233
6070 1022
6071 1272
6072 1659
6073 1668
6074 1413
6075 1132
6076 1083
6077 1424
6078 1423
6079 924
6080 1293
6081 1320
6082 1498
6083 541
6084 1000
6085 952
6086 998
6087 1416
6088 1162
6089 621
6090 1518
6091 1502
6092 793
6093 757
6094 1364
6095 559
6096 501
6097 1230
6098 1280
6099 1566
6100 1482
6101 728
6102 1181
6103 994
6104 1337
6105 1367
6106 556
6107 1309
6108 1461
6109 1014
6110 1294
6111 1122
6112 1037
6113 1191
6114 559
6115 899
6116 1463
6117 1501
6118 1359
6119 993
6120 1215
6121 984
6122 556
6123 1147
6124 545
6125 657
6126 1320
6127 1113
6128 555
6129 905
6130 1079
6131 824
6132 566
6133 1132
6134 1063
6135 883
6136 812
6137 1015
6138 707
6139 439
6140 571
6141 603
6142 987
6143 620
6144 681
6145 518
6146 964
6147 791
6148 613
6149 969
6150 596
6151 968
6152 1225
6153 682
6154 1451
6155 933
6156 993
6157 999
6158 919
6159 1197
6160 1182
6161 1073
6162 1315
6163 1195
6164 649
6165 1103
6166 502
6167 697
6168 1237
6169 1275
6170 798
6171 1288
6172 626
6173 1340
6174 868
6175 1046
6176 1084
6177 1270
6178 1032
6179 997
6180 1008
6181 966
6182 1111
6183 981
6184 602
6185 754
6186 1010
6187 532
6188 702
6189 1179
6190 554
6191 1239
6192 1334
6193 1349
6194 992
6195 1391
6196 1133
6197 1040
6198 522
6199 1354
6200 1285
6201 1409
6202 1271
6203 782
6204 1507
6205 485
6206 858
6207 766
6208 483
6209 766
6210 527
6211 1068
6212 541
6213 1146
6214 488
6215 715
6216 1004
6217 706
6218 441
6219 636
6220 962
6221 1313
6222 918
6223 1077
6224 1277
6225 907
6226 1071
6227 1193
6228 1608
6229 1263
6230 1079
6231 1445
6232 840
6233 920
6234 1037
6235 511
6236 969
6237 736
6238 568
6239 977
6240 860
6241 671
6242 937
6243 562
6244 561
6245 990
6246 496
6247 970
6248 868
6249 863
6250 775
6251 570
6252 1218
6253 989
6254 840
6255 432
6256 484
6257 720
6258 544
6259 944
6260 636
6261 495
6262 491
6263 1242
6264 967
6265 757
6266 504
6267 938
6268 716
6269 930
6270 910
6271 835
6272 769
6273 669
6274 1024
6275 866
6276 1120
6277 1027
6278 1192
6279 493
6280 983
6281 826
6282 606
6283 575
6284 1274
6285 627
6286 593
6287 1253
6288 560
6289 1109
6290 1091
6291 1158
6292 898
6293 1174
6294 971
6295 577
6296 1072
6297 872
6298 590
6299 1022
6300 739
6301 1010
6302 1021
6303 931
6304 872
6305 812
6306 1162
6307 548
6308 827
6309 912
6310 1074
6311 951
6312 968
6313 858
6314 928
6315 442
6316 775
6317 777
6318 1311
6319 876
6320 510
6321 469
6322 428
6323 503
6324 933
6325 529
6326 494
6327 620
6328 872
6329 504
6330 581
6331 979
6332 947
6333 1109
6334 795
6335 937
6336 627
6337 922
6338 950
6339 477
6340 643
6341 480
6342 853
6343 434
6344 870
6345 1246
6346 830
6347 433
6348 865
6349 955
6350 687
6351 468
6352 496
6353 936
6354 601
6355 423
6356 910
6357 614
6358 1033
6359 481
6360 727
6361 918
6362 759
6363 944
6364 579
6365 763
6366 977
6367 416
6368 910
6369 441
6370 432
6371 586
6372 1091
6373 704
6374 683
6375 1285
6376 1207
6377 904
6378 730
6379 629
6380 698
6381 812
6382 944
6383 720
6384 493
6385 800
6386 885
6387 937
6388 990
6389 438
6390 993
6391 893
6392 854
6393 414
6394 534
6395 851
6396 842
6397 662
6398 703
6399 731
6400 512
6401 903
6402 406
6403 676
6404 673
6405 568
6406 679
6407 937
6408 994
6409 1000
6410 432
6411 480
6412 499
6413 984
6414 1092
6415 1216
6416 608
6417 1003
6418 962
6419 970
6420 1117
6421 586
6422 832
6423 550
6424 1024
6425 609
6426 840
6427 517
6428 644
6429 933
6430 879
6431 831
6432 845
6433 441
6434 958
6435 883
6436 620
6437 604
6438 890
6439 987
6440 960
6441 666
6442 911
6443 859
6444 400
6445 724
6446 873
6447 790
6448 977
6449 729
6450 977
6451 425
6452 807
6453 819
6454 587
6455 957
6456 785
6457 550
6458 958
6459 519
6460 842
6461 481
6462 734
6463 774
6464 869
6465 699
6466 950
6467 693
6468 625
6469 924
6470 799
6471 872
6472 534
6473 971
6474 678
6475 950
6476 830
6477 656
6478 940
6479 562
6480 984
6481 1164
6482 1007
6483 1026
6484 505
6485 954
6486 902
6487 980
6488 776
6489 892
6490 1005
6491 573
6492 945
6493 1011
6494 1239
6495 750
6496 1472
6497 1310
6498 1253
6499 1481
6500 786
6501 1443
6502 1342
6503 659
6504 1278
6505 554
6506 1401
6507 1331
6508 925
6509 1094
6510 1140
6511 898
6512 446
6513 717
6514 1189
6515 934
6516 970
6517 847
6518 1428
6519 533
6520 1003
6521 1234
6522 937
6523 1404
6524 969
6525 1283
6526 624
6527 449
6528 829
6529 742
6530 482
6531 577
6532 943
6533 985
6534 549
6535 1321
6536 1088
6537 788
6538 769
6539 1019
6540 1035
6541 881
6542 1054
6543 1125
6544 867
6545 1267
6546 1223
6547 830
6548 850
6549 1135
6550 633
6551 1261
6552 541
6553 871
6554 980
6555 875
6556 562
6557 1024
6558 1118
6559 1272
6560 775
6561 1282
6562 1376
6563 546
6564 813
6565 1158
6566 1288
6567 993
6568 1226
6569 1069
6570 1475
6571 541
6572 1206
6573 1341
6574 1290
6575 794
6576 1597
6577 638
6578 1029
6579 1046
6580 701
6581 722
6582 1095
6583 683
6584 567
6585 631
6586 1010
6587 1171
6588 810
6589 1037
6590 1215
6591 668
6592 536
6593 572
6594 955
6595 896
6596 732
6597 1091
6598 933
6599 977
6600 856
6601 538
6602 594
6603 426
6604 1010
6605 524
6606 646
6607 706
6608 776
6609 491
6610 736
6611 825
6612 1291
6613 1441
6614 999
6615 1258
6616 651
6617 1114
6618 1168
6619 1114
6620 739
6621 901
6622 751
6623 1312
6624 768
6625 1127
6626 717
6627 593
6628 962
6629 1087
6630 1081
6631 586
6632 1156
6633 656
6634 526
6635 779
6636 809
6637 1001
6638 679
6639 791
6640 1002
6641 850
6642 898
6643 1038
6644 1015
6645 909
6646 680
6647 729
6648 546
6649 927
6650 890
6651 533
6652 859
6653 996
6654 882
6655 1039
6656 807
6657 1018
6658 1068
6659 893
6660 527
6661 662
6662 949
6663 542
6664 806
6665 971
6666 384
6667 989
6668 510
6669 684
6670 392
6671 831
6672 1116
6673 1025
6674 807
6675 878
6676 490
6677 626
6678 891
6679 459
6680 525
6681 1016
6682 970
6683 689
6684 846
6685 570
6686 535
6687 704
6688 917
6689 459
6690 943
6691 762
6692 565
6693 993
6694 950
6695 691
6696 1018
6697 956
6698 970
6699 490
6700 462
6701 422
6702 444
6703 818
6704 844
6705 414
6706 871
6707 683
6708 867
6709 654
6710 457
6711 432
6712 845
6713 1024
6714 513
6715 463
6716 1039
6717 828
6718 1021
6719 807
6720 949
6721 718
6722 770
6723 600
6724 1337
6725 668
6726 843
6727 559
6728 622
6729 1015
6730 952
6731 539
6732 958
6733 693
6734 1005
6735 1089
6736 1210
6737 466
6738 496
6739 641
6740 1048
6741 1371
6742 1622
6743 1274
6744 938
6745 1136
6746 601
6747 595
6748 400
6749 510
6750 872
6751 917
6752 903
6753 824
6754 619
6755 701
6756 870
6757 774
6758 1003
6759 770
6760 813
6761 896
6762 436
6763 874
6764 727
6765 1080
6766 820
6767 571
6768 435
6769 688
6770 961
6771 880
6772 988
6773 560
6774 874
6775 965
6776 942
6777 752
6778 850
6779 544
6780 613
6781 433
6782 907
6783 675
6784 894
6785 401
6786 719
6787 418
6788 698
6789 706
6790 930
6791 403
6792 580
6793 606
6794 471
6795 916
6796 892
6797 856
6798 753
6799 508
6800 885
6801 520
6802 706
6803 520
6804 672
6805 667
6806 634
6807 476
6808 941
6809 589
6810 994
6811 443
6812 902
6813 534
6814 481
6815 827
6816 813
6817 740
6818 783
6819 721
6820 516
6821 423
6822 755
6823 794
6824 939
6825 811
6826 470
6827 873
6828 419
6829 633
6830 695
6831 427
6832 817
6833 707
6834 577
6835 551
6836 811
6837 884
6838 414
6839 1052
6840 527
6841 615
6842 758
6843 929
6844 793
6845 557
6846 545
6847 869
6848 894
6849 625
6850 953
6851 864
6852 897
6853 688
6854 478
6855 933
6856 632
6857 998
6858 938
6859 922
6860 861
6861 487
6862 705
6863 634
6864 951
6865 983
6866 716
6867 923
6868 537
6869 967
6870 870
6871 929
6872 780
6873 531
6874 841
6875 621
6876 797
6877 737
6878 1211
6879 1164
6880 956
6881 588
6882 952
6883 428
6884 795
6885 946
6886 789
6887 514
6888 439
6889 515
6890 949
6891 1021
6892 913
6893 657
6894 1013
6895 978
6896 809
6897 830
6898 1105
6899 474
6900 833
6901 1118
6902 702
6903 522
6904 1370
6905 1052
6906 717
6907 397
6908 781
6909 487
6910 1004
6911 946
6912 868
6913 796
6914 776
6915 817
6916 1040
6917 976
6918 878
6919 830
6920 535
6921 680
6922 754
6923 779
6924 540
6925 960
6926 716
6927 404
6928 432
6929 890
6930 995
6931 573
6932 828
6933 554
6934 936
6935 948
6936 1000
6937 582
6938 443
6939 551
6940 860
6941 861
6942 866
6943 541
6944 806
6945 524
6946 896
6947 927
6948 940
6949 757
6950 788
6951 1014
6952 648
6953 553
6954 662
6955 600
6956 891
6957 1052
6958 1101
6959 1064
6960 784
6961 570
6962 1201
6963 912
6964 452
6965 926
6966 1004
6967 1002
6968 1063
6969 817
6970 986
6971 1014
6972 475
6973 896
6974 774
6975 880
6976 827
6977 959
6978 464
6979 525
6980 465
6981 710
6982 818
6983 576
6984 448
6985 967
6986 640
6987 580
6988 935
6989 814
6990 1007
6991 970
6992 870
6993 917
6994 752
6995 652
6996 603
6997 953
6998 903
6999 526
7000 930
7001 652
7002 1186
7003 801
7004 781
7005 957
7006 772
7007 563
7008 935
7009 943
7010 525
7011 917
7012 887
7013 1084
7014 966
7015 1119
7016 973
7017 966
7018 581
7019 927
7020 666
7021 1009
7022 852
7023 945
7024 1000
7025 663
7026 1094
7027 841
7028 836
7029 851
7030 722
7031 798
7032 1163
7033 476
7034 526
7035 914
7036 418
7037 411
7038 803
7039 673
7040 938
7041 660
7042 902
7043 753
7044 475
7045 893
7046 714
7047 1127
7048 462
7049 490
7050 1012
7051 939
7052 1049
7053 861
7054 464
7055 870
7056 921
7057 1051
7058 566
7059 825
7060 818
7061 843
7062 542
7063 1302
7064 826
7065 929
7066 846
7067 849
7068 1020
7069 1016
7070 538
7071 552
7072 922
7073 946
7074 963
7075 752
7076 522
7077 855
7078 530
7079 795
7080 992
7081 667
7082 448
7083 918
7084 787
7085 830
7086 957
7087 967
7088 645
7089 939
7090 808
7091 668
7092 520
7093 1022
7094 559
7095 945
7096 535
7097 969
7098 991
7099 678
7100 961
7101 891
7102 500
7103 961
7104 550
7105 508
7106 949
7107 811
7108 776
7109 702
7110 696
7111 736
7112 628
7113 738
7114 952
7115 1102
7116 960
7117 416
7118 1081
7119 1098
7120 975
7121 922
7122 1044
7123 986
7124 902
7125 522
7126 733
7127 680
7128 804
7129 982
7130 585
7131 787
7132 411
7133 502
7134 856
7135 753
7136 764
7137 497
7138 883
7139 540
7140 833
7141 1338
7142 809
7143 933
7144 1129
7145 504
7146 930
7147 482
7148 1176
7149 602
7150 413
7151 890
7152 911
7153 813
7154 502
7155 991
7156 1104
7157 913
7158 731
7159 671
7160 947
7161 909
7162 709
7163 670
7164 693
7165 554
7166 698
7167 739
7168 502
7169 769
7170 544
7171 1084
7172 992
7173 622
7174 882
7175 680
7176 1071
7177 736
7178 401
7179 1068
7180 926
7181 717
7182 1519
7183 674
7184 1205
7185 525
7186 1327
7187 769
7188 801
7189 523
7190 869
7191 1197
7192 1096
7193 1126
7194 701
7195 563
7196 1208
7197 738
7198 486
7199 472
7200 733
7201 533
7202 1137
7203 551
7204 868
7205 1209
7206 523
7207 800
7208 665
7209 512
7210 1232
7211 745
7212 652
7213 740
7214 555
7215 1206
7216 1040
7217 1045
7218 880
7219 702
7220 907
7221 593
7222 787
7223 452
7224 883
7225 858
7226 944
7227 413
7228 951
7229 636
7230 864
7231 1018
7232 894
7233 494
7234 442
7235 576
7236 1134
7237 415
7238 964
7239 505
7240 1001
7241 607
7242 1166
7243 617
7244 1180
7245 666
7246 909
7247 1189
7248 1344
7249 885
7250 869
7251 885
7252 836
7253 1154
7254 1493
7255 1078
7256 421
7257 801
7258 700
7259 999
7260 681
7261 899
7262 583
7263 955
7264 797
7265 992
7266 1061
7267 560
7268 465
7269 705
7270 555
7271 866
7272 717
7273 629
7274 555
7275 941
7276 935
7277 559
7278 884
7279 444
7280 700
7281 480
7282 549
7283 1302
7284 1155
7285 658
7286 437
7287 706
7288 1034
7289 673
7290 973
7291 1250
7292 1057
7293 966
7294 1067
7295 967
7296 975
7297 1094
7298 679
7299 761
7300 455
7301 977
7302 448
7303 1090
7304 1101
7305 441
7306 790
7307 694
7308 562
7309 685
7310 1035
7311 902
7312 979
7313 995
7314 1060
7315 850
7316 803
7317 636
7318 713
7319 646
7320 542
7321 981
7322 838
7323 982
7324 909
7325 942
7326 1041
7327 690
7328 968
7329 756
7330 938
7331 863
7332 650
7333 695
7334 1466
7335 522
7336 458
7337 934
7338 1014
7339 554
7340 920
7341 443
7342 1025
7343 445
7344 1086
7345 783
7346 560
7347 551
7348 584
7349 474
7350 532
7351 537
7352 409
7353 1147
7354 902
7355 650
7356 550
7357 856
7358 865
7359 1419
7360 1296
7361 593
7362 635
7363 989
7364 1157
7365 1004
7366 1013
7367 433
7368 1091
7369 773
7370 792
7371 983
7372 847
7373 988
7374 885
7375 963
7376 480
7377 1231
7378 621
7379 937
7380 897
7381 576
7382 1016
7383 923
7384 834
7385 931
7386 1032
7387 978
7388 813
7389 995
7390 457
7391 1196
7392 1205
7393 960
7394 1000
7395 456
7396 579
7397 941
7398 918
7399 674
7400 828
7401 608
7402 631
7403 984
7404 882
7405 941
7406 536
7407 598
7408 943
7409 704
7410 956
7411 438
7412 665
7413 465
7414 470
7415 936
7416 461
7417 821
7418 1151
7419 736
7420 696
7421 636
7422 699
7423 1034
7424 685
7425 879
7426 907
7427 835
7428 513
7429 941
7430 722
7431 1225
7432 530
7433 467
7434 538
7435 641
7436 881
7437 951
7438 909
7439 931
7440 1011
7441 777
7442 961
7443 542
7444 445
7445 676
7446 782
7447 956
7448 998
7449 511
7450 465
7451 924
7452 791
7453 940
7454 426
7455 964
7456 539
7457 743
7458 950
7459 906
7460 523
7461 493
7462 533
7463 1341
7464 607
7465 814
7466 800
7467 859
7468 862
7469 605
7470 829
7471 805
7472 833
7473 512
7474 403
7475 648
7476 488
7477 897
7478 892
7479 645
7480 672
7481 768
7482 843
7483 819
7484 807
7485 780
7486 539
7487 624
7488 507
7489 564
7490 593
7491 417
7492 652
7493 815
7494 660
7495 697
7496 665
7497 832
7498 469
7499 437
7500 825
7501 764
7502 486
7503 838
7504 833
7505 686
7506 568
7507 640
7508 819
7509 842
7510 461
7511 725
7512 761
7513 629
7514 850
7515 458
7516 907
7517 391
7518 818
7519 896
7520 853
7521 782
7522 806
7523 708
7524 752
7525 650
7526 600
7527 850
7528 661
7529 361
7530 703
7531 335
7532 840
7533 694
7534 351
7535 812
7536 654
7537 778
7538 785
7539 489
7540 522
7541 687
7542 670
7543 375
7544 408
7545 799
7546 698
7547 779
7548 522
7549 520
7550 818
7551 858
7552 690
7553 574
7554 574
7555 842
7556 538
7557 505
7558 791
7559 767
7560 722
7561 830
7562 799
7563 783
7564 409
7565 502
7566 441
7567 777
7568 766
7569 499
7570 857
7571 484
7572 392
7573 831
7574 822
7575 668
7576 678
7577 740
7578 680
7579 817
7580 482
7581 356
7582 843
7583 773
7584 556
7585 977
7586 986
7587 885
7588 446
7589 488
7590 882
7591 371
7592 840
7593 798
7594 538
7595 609
7596 444
7597 456
7598 652
7599 832
7600 876
7601 462
7602 887
7603 794
7604 787
7605 398
7606 497
7607 518
7608 761
7609 497
7610 846
7611 839
7612 576
7613 791
7614 951
7615 424
7616 831
7617 518
7618 700
7619 734
7620 860
7621 829
7622 828
7623 698
7624 462
7625 624
7626 856
7627 845
7628 932
7629 837
7630 534
7631 906
7632 886
7633 726
7634 509
7635 754
7636 831
7637 730
7638 978
7639 804
7640 765
7641 476
7642 822
7643 653
7644 930
7645 801
7646 482
7647 688
7648 924
7649 639
7650 441
7651 908
7652 746
7653 534
7654 846
7655 1023
7656 651
7657 613
7658 892
7659 895
7660 457
7661 754
7662 543
7663 480
7664 541
7665 573
7666 717
7667 746
7668 638
7669 1062
7670 800
7671 704
7672 649
7673 680
7674 928
7675 1013
7676 903
7677 862
7678 393
7679 771
7680 438
7681 419
7682 908
7683 808
7684 852
7685 846
7686 874
7687 727
7688 498
7689 509
7690 1054
7691 642
7692 695
7693 417
7694 765
7695 967
7696 733
7697 838
7698 948
7699 978
7700 593
7701 958
7702 969
7703 924
7704 875
7705 493
7706 985
7707 1049
7708 996
7709 442
7710 876
7711 885
7712 879
7713 865
7714 738
7715 739
7716 756
7717 667
7718 830
7719 826
7720 821
7721 976
7722 551
7723 807
7724 774
7725 555
7726 783
7727 808
7728 912
7729 499
7730 727
7731 921
7732 835
7733 913
7734 467
7735 920
7736 507
7737 863
7738 914
7739 887
7740 725
7741 817
7742 847
7743 509
7744 906
7745 709
7746 900
7747 445
7748 819
7749 782
7750 877
7751 912
7752 540
7753 932
7754 857
7755 821
7756 870
7757 650
7758 562
7759 388
7760 907
7761 463
7762 768
7763 606
7764 931
7765 630
7766 557
7767 789
7768 940
7769 577
7770 914
7771 569
7772 921
7773 453
7774 376
7775 527
7776 766
7777 772
7778 553
7779 396
7780 791
7781 660
7782 801
7783 836
7784 821
7785 448
7786 601
7787 421
7788 829
7789 810
7790 954
7791 832
7792 561
7793 831
7794 736
7795 813
7796 668
7797 777
7798 732
7799 644
7800 423
7801 769
7802 505
7803 376
7804 462
7805 849
7806 545
7807 879
7808 711
7809 692
7810 548
7811 704
7812 864
7813 808
7814 667
7815 445
7816 572
7817 697
7818 533
7819 568
7820 825
7821 745
7822 421
7823 345
7824 831
7825 579
7826 582
7827 791
7828 867
7829 558
7830 809
7831 735
7832 709
7833 453
7834 821
7835 726
7836 420
7837 460
7838 409
7839 453
7840 801
7841 615
7842 705
7843 668
7844 789
7845 562
7846 801
7847 826
7848 818
7849 831
7850 601
7851 644
7852 800
7853 461
7854 546
7855 871
7856 750
7857 393
7858 469
7859 474
7860 797
7861 688
7862 372
7863 680
7864 407
7865 459
7866 441
7867 480
7868 533
7869 777
7870 1019
7871 973
7872 596
7873 844
7874 592
7875 597
7876 442
7877 632
7878 850
7879 700
7880 381
7881 635
7882 464
7883 861
7884 688
7885 633
7886 674
7887 886
7888 378
7889 553
7890 520
7891 584
7892 416
7893 816
7894 524
7895 784
7896 434
7897 473
7898 441
7899 468
7900 780
7901 1075
7902 877
7903 731
7904 850
7905 652
7906 714
7907 659
7908 445
7909 676
7910 676
7911 834
7912 792
7913 882
7914 632
7915 906
7916 583
7917 408
7918 395
7919 688
7920 680
7921 851
7922 815
7923 842
7924 593
7925 838
7926 846
7927 539
7928 530
7929 845
7930 491
7931 513
7932 482
7933 811
7934 820
7935 490
7936 825
7937 536
7938 533
7939 728
7940 839
7941 943
7942 638
7943 542
7944 791
7945 545
7946 833
7947 1022
7948 861
7949 836
7950 847
7951 921
7952 913
7953 534
7954 926
7955 513
7956 863
7957 476
7958 990
7959 879
7960 418
7961 484
7962 829
7963 731
7964 582
7965 776
7966 650
7967 728
7968 808
7969 500
7970 732
7971 575
7972 1377
7973 683
7974 561
7975 794
7976 862
7977 428
7978 452
7979 744
7980 347
7981 734
7982 965
7983 790
7984 709
7985 906
7986 465
7987 921
7988 436
7989 575
7990 662
7991 330
7992 336
7993 837
7994 396
7995 798
7996 749
7997 828
7998 448
7999 771
8000 662
8001 493
8002 783
8003 624
8004 720
8005 464
8006 826
8007 541
8008 688
8009 361
8010 488
8011 901
8012 924
8013 799
8014 835
8015 851
8016 512
8017 910
8018 683
8019 754
8020 876
8021 477
8022 529
8023 759
8024 526
8025 921
8026 621
8027 596
8028 997
8029 794
8030 484
8031 467
8032 725
8033 809
8034 836
8035 441
8036 842
8037 996
8038 863
8039 431
8040 859
8041 867
8042 948
8043 628
8044 846
8045 971
8046 582
8047 728
8048 829
8049 423
8050 863
8051 589
8052 897
8053 743
8054 717
8055 433
8056 837
8057 569
8058 619
8059 759
8060 727
8061 436
8062 721
8063 678
8064 569
8065 788
8066 361
8067 545
8068 887
8069 461
8070 765
8071 615
8072 912
8073 355
8074 1048
8075 783
8076 720
8077 529
8078 466
8079 377
8080 541
8081 425
8082 819
8083 378
8084 842
8085 622
8086 416
8087 838
8088 509
8089 885
8090 352
8091 840
8092 580
8093 891
8094 393
8095 607
8096 627
8097 724
8098 851
8099 627
8100 447
8101 690
8102 412
8103 991
8104 480
8105 520
8106 498
8107 764
8108 491
8109 835
8110 965
8111 486
8112 495
8113 495
8114 473
8115 612
8116 447
8117 823
8118 887
8119 1052
8120 1030
8121 878
8122 979
8123 670
8124 951
8125 708
8126 907
8127 1178
8128 1082
8129 1173
8130 969
8131 903
8132 711
8133 1012
8134 1009
8135 593
8136 1002
8137 953
8138 613
8139 831
8140 812
8141 766
8142 537
8143 471
8144 764
8145 1024
8146 1030
8147 523
8148 1070
8149 459
8150 599
8151 810
8152 821
8153 962
8154 916
8155 489
8156 557
8157 572
8158 993
8159 488
8160 858
8161 433
8162 561
8163 655
8164 920
8165 964
8166 1079
8167 959
8168 972
8169 540
8170 762
8171 1051
8172 856
8173 459
8174 474
8175 487
8176 851
8177 878
8178 949
8179 778
8180 727
8181 656
8182 792
8183 797
8184 954
8185 407
8186 684
8187 1008
8188 720
8189 978
8190 598
8191 886
8192 820
8193 505
8194 700
8195 605
8196 929
8197 658
8198 453
8199 1020
8200 716
8201 797
8202 872
8203 1101
8204 868
8205 472
8206 618
8207 816
8208 814
8209 685
8210 1002
8211 732
8212 483
8213 778
8214 996
8215 701
8216 820
8217 958
8218 894
8219 834
8220 811
8221 490
8222 790
8223 594
8224 727
8225 871
8226 452
8227 902
8228 746
8229 877
8230 600
8231 945
8232 580
8233 827
8234 964
8235 1482
8236 1465
8237 966
8238 749
8239 712
8240 932
8241 451
8242 873
8243 471
8244 488
8245 524
8246 948
8247 972
8248 671
8249 667
8250 526
8251 892
8252 880
8253 971
8254 491
8255 967
8256 744
8257 622
8258 994
8259 825
8260 962
8261 1014
8262 903
8263 939
8264 496
8265 983
8266 694
8267 772
8268 490
8269 656
8270 904
8271 916
8272 854
8273 938
8274 914
8275 683
8276 602
8277 963
8278 535
8279 940
8280 470
8281 485
8282 472
8283 912
8284 950
8285 934
8286 605
8287 425
8288 959
8289 823
8290 513
8291 977
8292 969
8293 506
8294 829
8295 952
8296 944
8297 885
8298 553
8299 557
8300 461
8301 494
8302 1055
8303 1093
8304 1212
8305 851
8306 750
8307 883
8308 1051
8309 580
8310 969
8311 744
8312 1015
8313 1021
8314 624
8315 567
8316 810
8317 602
8318 947
8319 476
8320 946
8321 545
8322 793
8323 535
8324 576
8325 786
8326 655
8327 516
8328 420
8329 459
8330 1085
8331 927
8332 494
8333 980
8334 714
8335 442
8336 901
8337 938
8338 461
8339 895
8340 508
8341 978
8342 1095
8343 927
8344 914
8345 1119
8346 786
8347 632
8348 610
8349 526
8350 997
8351 833
8352 888
8353 1106
8354 702
8355 1154
8356 965
8357 913
8358 538
8359 531
8360 507
8361 732
8362 789
8363 563
8364 653
8365 1032
8366 760
8367 748
8368 923
8369 759
8370 506
8371 790
8372 934
8373 794
8374 835
8375 919
8376 468
8377 924
8378 756
8379 759
8380 864
8381 576
8382 773
8383 953
8384 501
8385 850
8386 870
8387 433
8388 353
8389 821
8390 535
8391 458
8392 464
8393 1103
8394 765
8395 1083
8396 972
8397 615
8398 912
8399 669
8400 985
8401 751
8402 619
8403 567
8404 455
8405 915
8406 865
8407 470
8408 917
8409 404
8410 645
8411 989
8412 843
8413 1005
8414 928
8415 946
8416 892
8417 774
8418 496
8419 513
8420 969
8421 981
8422 665
8423 700
8424 825
8425 978
8426 720
8427 898
8428 853
8429 613
8430 531
8431 365
8432 752
8433 647
8434 1404
8435 1098
8436 498
8437 528
8438 702
8439 939
8440 847
8441 891
8442 399
8443 500
8444 877
8445 613
8446 523
8447 937
8448 1069
8449 833
8450 608
8451 700
8452 390
8453 985
8454 677
8455 460
8456 955
8457 850
8458 1109
8459 1040
8460 1051
8461 622
8462 485
8463 934
8464 459
8465 870
8466 585
8467 1019
8468 839
8469 1151
8470 584
8471 993
8472 532
8473 1035
8474 970
8475 971
8476 978
8477 981
8478 626
8479 743
8480 823
8481 443
8482 410
8483 437
8484 401
8485 747
8486 1031
8487 639
8488 487
8489 1420
8490 1258
8491 957
8492 1162
8493 556
8494 884
8495 551
8496 906
8497 1206
8498 1301
8499 1177
8500 743
8501 1044
8502 1326
8503 1302
8504 1303
8505 1294
8506 1284
8507 509
8508 670
8509 1136
8510 1442
8511 1363
8512 809
8513 919
8514 1035
8515 861
8516 659
8517 666
8518 1228
8519 1216
8520 1141
8521 1102
8522 677
8523 1150
8524 1102
8525 868
8526 511
8527 600
8528 1015
8529 655
8530 1251
8531 1509
8532 654
8533 1352
8534 771
8535 711
8536 1107
8537 1117
8538 1156
8539 1487
8540 1222
8541 1626
8542 1469
8543 1268
8544 812
8545 1603
8546 1688
8547 1338
8548 749
8549 990
8550 1365
8551 1657
8552 933
8553 1258
8554 1145
8555 1249
8556 1584
8557 975
8558 825
8559 711
8560 932
8561 785
8562 758
8563 1277
8564 1067
8565 762
8566 1300
8567 1084
8568 639
8569 1062
8570 712
8571 1204
8572 793
8573 1295
8574 1027
8575 972
8576 626
8577 823
8578 1336
8579 575
8580 565
8581 583
8582 729
8583 474
8584 918
8585 1346
8586 676
8587 1194
8588 1131
8589 1160
8590 1474
8591 1289
8592 847
8593 657
8594 765
8595 1094
8596 720
8597 1412
8598 946
8599 714
8600 1246
8601 1248
8602 733
8603 1672
8604 693
8605 643
8606 1142
8607 682
8608 1321
8609 1570
8610 1004
8611 748
8612 1068
8613 675
8614 1474
8615 706
8616 962
8617 994
8618 567
8619 1313
8620 1341
8621 1004
8622 556
8623 1086
8624 1076
8625 493
8626 625
8627 865
8628 1164
8629 553
8630 576
8631 1145
8632 780
8633 1022
8634 847
8635 838
8636 1027
8637 576
8638 848
8639 503
8640 949
8641 785
8642 1113
8643 1021
8644 1038
8645 728
8646 962
8647 874
8648 933
8649 630
8650 880
8651 514
8652 969
8653 904
8654 944
8655 422
8656 776
8657 614
8658 688
8659 726
8660 491
8661 845
8662 830
8663 400
8664 937
8665 680
8666 960
8667 716
8668 872
8669 418
8670 605
8671 581
8672 849
8673 661
8674 716
8675 738
8676 951
8677 873
8678 900
8679 433
8680 806
8681 879
8682 744
8683 851
8684 565
8685 778
8686 500
8687 619
8688 879
8689 346
8690 394
8691 880
8692 395
8693 1085
8694 917
8695 864
8696 806
8697 831
8698 670
8699 807
8700 852
8701 400
8702 726
8703 561
8704 833
8705 376
8706 417
8707 769
8708 839
8709 474
8710 667
8711 508
8712 388
8713 457
8714 670
8715 448
8716 410
8717 397
8718 425
8719 714
8720 877
8721 796
8722 770
8723 467
8724 693
8725 623
8726 664
8727 775
8728 433
8729 338
8730 813
8731 524
8732 815
8733 536
8734 904
8735 848
8736 602
8737 675
8738 802
8739 628
8740 771
8741 391
8742 353
8743 721
8744 792
8745 842
8746 475
8747 696
8748 338
8749 385
8750 471
8751 884
8752 380
8753 752
8754 507
8755 396
8756 463
8757 541
8758 711
8759 840
8760 448
8761 611
8762 794
8763 815
8764 472
8765 789
8766 650
8767 831
8768 525
8769 351
8770 844
8771 487
8772 481
8773 825
8774 838
8775 715
8776 696
8777 787
8778 776
8779 772
8780 773
8781 675
8782 853
8783 632
8784 417
8785 796
8786 525
8787 464
8788 439
8789 424
8790 760
8791 851
8792 647
8793 728
8794 909
8795 763
8796 624
8797 662
8798 496
8799 954
8800 566
8801 519
8802 804
8803 434
8804 943
8805 510
8806 803
8807 552
8808 970
8809 554
8810 674
8811 523
8812 1021
8813 892
8814 866
8815 460
8816 675
8817 942
8818 783
8819 896
8820 522
8821 960
8822 571
8823 429
8824 916
8825 994
8826 472
8827 522
8828 957
8829 544
8830 892
8831 459
8832 783
8833 800
8834 581
8835 884
8836 737
8837 912
8838 716
8839 667
8840 800
8841 918
8842 679
8843 714
8844 434
8845 763
8846 582
8847 772
8848 656
8849 851
8850 535
8851 941
8852 710
8853 787
8854 456
8855 635
8856 672
8857 810
8858 767
8859 774
8860 894
8861 480
8862 823
8863 893
8864 915
8865 952
8866 1034
8867 657
8868 841
8869 622
8870 948
8871 758
8872 535
8873 563
8874 705
8875 1141
8876 784
8877 694
8878 450
8879 869
8880 484
8881 397
8882 419
8883 448
8884 452
8885 841
8886 401
8887 870
8888 880
8889 745
8890 475
8891 528
8892 843
8893 808
8894 867
8895 696
8896 405
8897 454
8898 821
8899 461
8900 638
8901 722
8902 600
8903 648
8904 683
8905 840
8906 761
8907 867
8908 452
8909 840
8910 376
8911 468
8912 639
8913 372
8914 863
8915 825
8916 438
8917 526
8918 589
8919 653
8920 798
8921 532
8922 925
8923 402
8924 712
8925 588
8926 781
8927 721
8928 838
8929 513
8930 694
8931 394
8932 824
8933 541
8934 817
8935 488
8936 717
8937 731
8938 825
8939 384
8940 755
8941 551
8942 649
8943 806
8944 817
8945 652
8946 584
8947 724
8948 606
8949 828
8950 855
8951 807
8952 380
8953 809
8954 423
8955 583
8956 781
8957 435
8958 648
8959 560
8960 382
8961 786
8962 539
8963 843
8964 368
8965 489
8966 599
8967 395
8968 861
8969 887
8970 838
8971 715
8972 422
8973 832
8974 677
8975 534
8976 765
8977 396
8978 666
8979 703
8980 839
8981 366
8982 847
8983 624
8984 413
8985 820
8986 530
8987 538
8988 925
8989 913
8990 911
8991 935
8992 482
8993 940
8994 425
8995 852
8996 932
8997 964
8998 896
8999 791
9000 634
9001 988
9002 750
9003 864
9004 515
9005 938
9006 956
9007 451
9008 867
9009 657
9010 959
9011 669
9012 505
9013 426
9014 654
9015 882
9016 497
9017 480
9018 893
9019 742
9020 564
9021 792
9022 585
9023 345
9024 713
9025 496
9026 598
9027 566
9028 802
9029 765
9030 713
9031 768
9032 851
9033 547
9034 460
9035 860
9036 577
9037 414
9038 834
9039 679
9040 378
9041 648
9042 456
9043 756
9044 358
9045 870
9046 869
9047 732
9048 474
9049 449
9050 562
9051 598
9052 651
9053 846
9054 821
9055 497
9056 901
9057 876
9058 578
9059 825
9060 819
9061 357
9062 517
9063 433
9064 637
9065 600
9066 420
9067 830
9068 445
9069 608
9070 849
9071 773
9072 384
9073 506
9074 426
9075 870
9076 650
9077 403
9078 831
9079 844
9080 579
9081 842
9082 795
9083 547
9084 857
9085 466
9086 996
9087 609
9088 635
9089 747
9090 813
9091 820
9092 563
9093 774
9094 746
9095 810
9096 856
9097 588
9098 559
9099 851
9100 902
9101 703
9102 688
9103 447
9104 862
9105 675
9106 683
9107 804
9108 632
9109 856
9110 872
9111 511
9112 619
9113 585
9114 867
9115 469
9116 754
9117 649
9118 768
9119 419
9120 865
9121 693
9122 381
9123 415
9124 823
9125 517
9126 834
9127 380
9128 843
9129 526
9130 412
9131 548
9132 608
9133 478
9134 353
9135 658
9136 407
9137 738
9138 819
9139 772
9140 720
9141 455
9142 419
9143 841
9144 904
9145 799
9146 834
9147 912
9148 665
9149 840
9150 438
9151 670
9152 784
9153 747
9154 633
9155 845
9156 568
9157 620
9158 794
9159 755
9160 449
9161 847
9162 528
9163 630
9164 648
9165 864
9166 881
9167 898
9168 808
9169 848
9170 847
9171 435
9172 415
9173 777
9174 814
9175 855
9176 485
9177 797
9178 882
9179 830
9180 845
9181 713
9182 715
9183 568
9184 581
9185 707
9186 852
9187 521
9188 801
9189 828
9190 820
9191 341
9192 851
9193 843
9194 504
9195 949
9196 574
9197 855
9198 834
9199 803
9200 564
9201 433
9202 371
9203 829
9204 584
9205 403
9206 833
9207 793
9208 539
9209 796
9210 933
9211 819
9212 706
9213 907
9214 479
9215 1191
9216 690
9217 827
9218 402
9219 666
9220 741
9221 560
9222 876
9223 803
9224 656
9225 743
9226 488
9227 844
9228 895
9229 671
9230 1036
9231 843
9232 644
9233 634
9234 502
9235 512
9236 816
9237 920
9238 1023
9239 894
9240 552
9241 506
9242 515
9243 873
9244 862
9245 946
9246 386
9247 991
9248 565
9249 451
9250 511
9251 488
9252 632
9253 552
9254 554
9255 855
9256 478
9257 455
9258 539
9259 838
9260 889
9261 969
9262 908
9263 690
9264 768
9265 783
9266 1108
9267 1002
9268 979
9269 956
9270 396
9271 839
9272 972
9273 931
9274 959
9275 1019
9276 1083
9277 1052
9278 1162
9279 562
9280 828
9281 807
9282 787
9283 837
9284 952
9285 1027
9286 984
9287 518
9288 687
9289 993
9290 899
9291 1015
9292 847
9293 945
9294 420
9295 482
9296 916
9297 873
9298 563
9299 555
9300 556
9301 429
9302 918
9303 813
9304 835
9305 1029
9306 924
9307 755
9308 956
9309 475
9310 797
9311 892
9312 908
9313 571
9314 512
9315 767
9316 779
9317 592
9318 765
9319 472
9320 624
9321 621
9322 399
9323 816
9324 841
9325 458
9326 758
9327 422
9328 394
9329 791
9330 659
9331 750
9332 821
9333 850
9334 734
9335 720
9336 717
9337 822
9338 363
9339 375
9340 790
9341 435
9342 720
9343 418
9344 649
9345 670
9346 531
9347 638
9348 853
9349 651
9350 436
9351 826
9352 841
9353 779
9354 628
9355 851
9356 789
9357 701
9358 863
9359 608
9360 720
9361 819
9362 451
9363 983
9364 1151
9365 932
9366 845
9367 413
9368 616
9369 783
9370 839
9371 778
9372 812
9373 832
9374 831
9375 565
9376 976
9377 654
9378 831
9379 714
9380 479
9381 659
9382 394
9383 823
9384 837
9385 799
9386 813
9387 679
9388 710
9389 389
9390 806
9391 662
9392 556
9393 617
9394 596
9395 827
9396 677
9397 897
9398 338
9399 596
9400 821
9401 375
9402 828
9403 446
9404 614
9405 626
9406 795
9407 801
9408 822
9409 823
9410 827
9411 761
9412 774
9413 742
9414 418
9415 613
9416 794
9417 447
9418 411
9419 443
9420 747
9421 717
9422 674
9423 458
9424 460
9425 487
9426 446
9427 719
9428 742
9429 796
9430 365
9431 814
9432 833
9433 697
9434 834
9435 912
9436 839
9437 757
9438 956
9439 603
9440 951
9441 957
9442 477
9443 874
9444 856
9445 485
9446 729
9447 811
9448 399
9449 830
9450 456
9451 702
9452 883
9453 1014
9454 681
9455 440
9456 595
9457 526
9458 810
9459 614
9460 657
9461 831
9462 449
9463 421
9464 735
9465 472
9466 692
9467 382
9468 478
9469 919
9470 794
9471 930
9472 976
9473 614
9474 925
9475 838
9476 444
9477 975
9478 692
9479 883
9480 779
9481 718
9482 933
9483 672
9484 481
9485 917
9486 1001
9487 852
9488 822
9489 537
9490 763
9491 785
9492 882
9493 852
9494 769
9495 490
9496 888
9497 857
9498 532
9499 845
9500 676
9501 587
9502 515
9503 942
9504 907
9505 969
9506 994
9507 966
9508 449
9509 991
9510 522
9511 498
9512 873
9513 913
9514 959
9515 840
9516 430
9517 472
9518 532
9519 578
9520 924
9521 966
9522 983
9523 965
9524 789
9525 780
9526 814
9527 918
9528 931
9529 845
9530 999
9531 600
9532 427
9533 793
9534 842
9535 778
9536 695
9537 844
9538 343
9539 713
9540 562
9541 445
9542 382
9543 768
9544 581
9545 531
9546 506
9547 588
9548 1017
9549 678
9550 642
9551 447
9552 812
9553 508
9554 618
9555 711
9556 365
9557 332
9558 636
9559 840
9560 520
9561 505
9562 522
9563 769
9564 835
9565 857
9566 1088
9567 1028
9568 965
9569 866
9570 623
9571 557
9572 761
9573 505
9574 986
9575 855
9576 853
9577 825
9578 727
9579 395
9580 817
9581 825
9582 827
9583 831
9584 792
9585 481
9586 785
9587 839
9588 657
9589 828
9590 596
9591 388
9592 532
9593 425
9594 433
9595 572
9596 421
9597 432
9598 805
9599 511
9600 713
9601 613
9602 442
9603 792
9604 455
9605 680
9606 801
9607 797
9608 579
9609 790
9610 844
9611 660
9612 727
9613 687
9614 582
9615 787
9616 404
9617 677
9618 804
9619 724
9620 382
9621 821
9622 702
9623 507
9624 841
9625 819
9626 794
9627 480
9628 828
9629 620
9630 634
9631 528
9632 617
9633 594
9634 591
9635 645
9636 465
9637 839
9638 836
9639 603
9640 454
9641 453
9642 711
9643 760
9644 769
9645 806
9646 389
9647 799
9648 835
9649 758
9650 816
9651 488
9652 768
9653 764
9654 433
9655 885
9656 850
9657 699
9658 807
9659 571
9660 799
9661 798
9662 541
9663 759
9664 827
9665 544
9666 831
9667 775
9668 812
9669 654
9670 687
9671 771
9672 754
9673 817
9674 676
9675 615
9676 494
9677 464
9678 419
9679 455
9680 867
9681 508
9682 571
9683 431
9684 465
9685 751
9686 740
9687 900
9688 614
9689 700
9690 445
9691 605
9692 395
9693 370
9694 793
9695 807
9696 806
9697 828
9698 903
9699 637
9700 728
9701 788
9702 686
9703 505
9704 802
9705 402
9706 740
9707 840
9708 422
9709 731
9710 804
9711 743
9712 564
9713 444
9714 405
9715 714
9716 404
9717 852
9718 708
9719 1008
9720 608
9721 443
9722 861
9723 841
9724 800
9725 845
9726 518
9727 511
9728 697
9729 356
9730 616
9731 569
9732 799
9733 846
9734 490
9735 953
9736 997
9737 864
9738 937
9739 711
9740 856
9741 632
9742 530
9743 609
9744 469
9745 538
9746 723
9747 521
9748 364
9749 457
9750 575
9751 397
9752 875
9753 627
9754 909
9755 756
9756 831
9757 630
9758 746
9759 840
9760 523
9761 843
9762 584
9763 381
9764 819
9765 791
9766 453
9767 408
9768 677
9769 721
9770 698
9771 955
9772 850
9773 455
9774 708
9775 408
9776 784
9777 654
9778 793
9779 401
9780 411
9781 775
9782 730
9783 781
9784 407
9785 572
9786 356
9787 619
9788 761
9789 849
9790 724
9791 516
9792 926
9793 335
9794 385
9795 430
9796 489
9797 851
9798 383
9799 809
9800 606
9801 728
9802 415
9803 785
9804 464
9805 772
9806 592
9807 536
9808 396
9809 476
9810 355
9811 404
9812 794
9813 390
9814 471
9815 623
9816 408
9817 806
9818 497
9819 798
9820 797
9821 663
9822 424
9823 754
9824 800
9825 416
9826 823
9827 534
9828 710
9829 662
9830 921
9831 842
9832 782
9833 379
9834 653
9835 684
9836 453
9837 404
9838 536
9839 616
9840 424
9841 781
9842 327
9843 799
9844 478
9845 714
9846 902
9847 894
9848 599
9849 910
9850 675
9851 424
9852 326
9853 775
9854 676
9855 692
9856 746
9857 766
9858 433
9859 697
9860 744
9861 804
9862 789
9863 744
9864 823
9865 754
9866 798
9867 526
9868 674
9869 848
9870 569
9871 365
9872 645
9873 837
9874 791
9875 652
9876 809
9877 597
9878 711
9879 789
9880 551
9881 429
9882 435
9883 661
9884 592
9885 471
9886 539
9887 672
9888 774
9889 790
9890 840
9891 674
9892 404
9893 628
9894 397
9895 362
9896 379
9897 815
9898 730
9899 605
9900 644
9901 827
9902 476
9903 405
9904 924
9905 1016
9906 728
9907 824
9908 714
9909 930
9910 950
9911 736
9912 690
9913 718
9914 900
9915 507
9916 865
9917 925
9918 933
9919 872
9920 433
9921 704
9922 1047
9923 623
9924 776
9925 844
9926 813
9927 888
9928 436
9929 683
9930 553
9931 473
9932 945
9933 1054
9934 930
9935 826
9936 799
9937 966
9938 1005
9939 996
9940 730
9941 590
9942 849
9943 887
9944 534
9945 460
9946 550
9947 455
9948 555
9949 542
9950 825
9951 494
9952 1206
9953 984
9954 441
9955 692
9956 522
9957 409
9958 846
9959 851
9960 846
9961 929
9962 889
9963 410
9964 780
9965 964
9966 736
9967 902
9968 815
9969 831
9970 415
9971 408
9972 516
9973 891
9974 466
9975 467
9976 551
9977 503
9978 701
9979 887
9980 606
9981 477
9982 453
9983 579
9984 415
9985 843
9986 410
9987 830
9988 524
9989 683
9990 804
9991 490
9992 831
9993 395
9994 890
9995 776
9996 422
9997 392
9998 546
9999 731
10000 814
