1 412
2 402
3 428
4 440
5 499
6 466
7 429
8 411
9 435
10 417
11 398
12 471
13 350
14 317
15 263
16 224
17 213
18 205
19 239
20 251
21 210
22 208
23 196
24 199
25 203
26 154
27 137
28 138
29 138
30 136
31 103
32 100
33 102
34 97
35 98
36 100
37 116
38 107
39 109
40 121
41 98
42 97
43 99
44 95
45 97
46 99
47 106
48 95
49 94
50 100
51 96
52 100
53 95
54 96
55 102
56 99
57 98
58 96
59 107
60 95
61 104
62 98
63 99
64 128
65 121
66 97
67 99
68 93
69 102
70 99
71 111
72 98
73 101
74 97
75 95
76 94
77 94
78 97
79 93
80 102
81 96
82 95
83 89
84 99
85 93
86 103
87 93
88 97
89 93
90 95
91 96
92 101
93 96
94 102
95 97
96 103
97 96
98 91
99 97
100 107
101 122
102 119
103 96
104 95
105 92
106 96
107 111
108 96
109 91
110 98
111 97
112 97
113 93
114 97
115 96
116 93
117 93
118 91
119 97
120 93
121 94
122 91
123 92
124 88
125 90
126 94
127 87
128 89
129 90
130 91
131 86
132 90
133 85
134 87
135 86
136 87
137 87
138 87
139 85
140 84
141 104
142 103
143 86
144 86
145 84
146 87
147 84
148 86
149 85
150 87
151 84
152 82
153 85
154 83
155 81
156 80
157 87
158 88
159 83
160 83
161 87
162 98
163 90
164 83
165 89
166 80
167 86
168 82
169 80
170 80
171 83
172 83
173 86
174 85
175 87
176 85
177 81
178 82
179 83
180 83
181 86
182 84
183 104
184 82
185 84
186 85
187 82
188 76
189 79
190 81
191 84
192 81
193 85
194 80
195 81
196 83
197 81
198 84
199 84
200 87
201 86
202 89
203 82
204 82
205 80
206 83
207 86
208 81
209 85
210 85
211 79
212 83
213 80
214 80
215 85
216 85
217 82
218 81
219 83
220 86
221 85
222 83
223 81
224 84
225 83
226 82
227 95
228 112
229 83
230 85
231 83
232 86
233 83
234 79
235 79
236 84
237 101
238 84
239 85
240 81
241 81
242 81
243 85
244 83
245 83
246 80
247 90
248 81
249 85
250 89
251 86
252 89
253 83
254 83
255 86
256 86
257 91
258 84
259 83
260 88
261 112
262 82
263 88
264 83
265 90
266 85
267 85
268 79
269 103
270 81
271 82
272 88
273 87
274 84
275 84
276 89
277 86
278 79
279 86
280 85
281 85
282 89
283 83
284 84
285 81
286 91
287 86
288 81
289 80
290 81
291 103
292 85
293 82
294 80
295 80
296 83
297 87
298 83
299 80
300 84
301 81
302 84
303 85
304 83
305 83
306 81
307 84
308 81
309 85
310 85
311 84
312 92
313 103
314 87
315 81
316 85
317 82
318 81
319 83
320 86
321 85
322 84
323 83
324 81
325 80
326 88
327 87
328 84
329 85
330 83
331 83
332 79
333 85
334 82
335 85
336 83
337 86
338 83
339 79
340 81
341 83
342 81
343 87
344 82
345 80
346 79
347 87
348 83
349 83
350 81
351 82
352 81
353 83
354 80
355 85
356 84
357 100
358 102
359 85
360 85
361 84
362 84
363 80
364 92
365 87
366 82
367 80
368 85
369 81
370 80
371 83
372 82
373 90
374 83
375 80
376 94
377 85
378 83
379 83
380 81
381 80
382 84
383 81
384 88
385 84
386 81
387 81
388 81
389 78
390 80
391 87
392 85
393 81
394 81
395 79
396 83
397 84
398 88
399 79
400 103
401 83
402 83
403 84
404 86
405 82
406 81
407 82
408 84
409 86
410 81
411 82
412 84
413 83
414 85
415 83
416 80
417 83
418 86
419 80
420 80
421 79
422 83
423 79
424 83
425 82
426 78
427 80
428 82
429 84
430 84
431 83
432 84
433 85
434 84
435 84
436 84
437 87
438 84
439 84
440 86
441 80
442 80
443 84
444 111
445 100
446 83
447 79
448 84
449 81
450 83
451 80
452 83
453 81
454 80
455 84
456 81
457 86
458 81
459 81
460 85
461 83
462 80
463 81
464 83
465 80
466 80
467 80
468 82
469 83
470 82
471 81
472 84
473 83
474 83
475 82
476 84
477 82
478 81
479 81
480 78
481 83
482 86
483 86
484 84
485 81
486 87
487 104
488 92
489 83
490 80
491 83
492 82
493 80
494 81
495 85
496 81
497 81
498 83
499 77
500 89
501 89
502 81
503 84
504 83
505 84
506 87
507 84
508 84
509 83
510 81
511 84
512 81
513 85
514 84
515 84
516 80
517 83
518 81
519 80
520 86
521 85
522 87
523 82
524 84
525 83
526 84
527 84
528 84
529 80
530 80
531 85
532 107
533 84
534 83
535 83
536 84
537 81
538 85
539 86
540 89
541 78
542 81
543 81
544 83
545 84
546 82
547 85
548 82
549 81
550 84
551 77
552 86
553 82
554 88
555 87
556 83
557 89
558 79
559 80
560 84
561 85
562 83
563 82
564 81
565 84
566 87
567 82
568 88
569 84
570 83
571 88
572 79
573 85
574 103
575 87
576 80
577 80
578 84
579 82
580 77
581 79
582 85
583 83
584 80
585 82
586 84
587 82
588 78
589 82
590 81
591 83
592 82
593 82
594 85
595 86
596 80
597 79
598 83
599 86
600 80
601 81
602 82
603 82
604 82
605 83
606 79
607 87
608 85
609 83
610 87
611 85
612 83
613 86
614 83
615 83
616 83
617 82
618 85
619 105
620 100
621 84
622 87
623 87
624 82
625 85
626 83
627 89
628 82
629 79
630 87
631 84
632 82
633 87
634 82
635 85
636 86
637 84
638 80
639 81
640 83
641 90
642 84
643 81
644 80
645 82
646 80
647 81
648 80
649 83
650 91
651 81
652 85
653 86
654 82
655 83
656 83
657 86
658 81
659 84
660 82
661 81
662 85
663 85
664 106
665 84
666 78
667 90
668 86
669 85
670 85
671 82
672 79
673 87
674 82
675 83
676 84
677 80
678 81
679 81
680 82
681 81
682 84
683 82
684 85
685 80
686 81
687 87
688 83
689 85
690 83
691 82
692 83
693 83
694 83
695 84
696 82
697 84
698 86
699 82
700 79
701 81
702 80
703 83
704 84
705 87
706 104
707 90
708 84
709 80
710 83
711 83
712 91
713 88
714 82
715 85
716 79
717 84
718 79
719 87
720 84
721 86
722 84
723 89
724 87
725 84
726 86
727 84
728 84
729 88
730 79
731 85
732 87
733 90
734 85
735 88
736 82
737 88
738 86
739 95
740 81
741 83
742 83
743 84
744 83
745 87
746 89
747 88
748 81
749 87
750 100
751 87
752 84
753 79
754 87
755 83
756 84
757 86
758 83
759 81
760 84
761 79
762 80
763 80
764 80
765 78
766 80
767 80
768 81
769 81
770 82
771 83
772 81
773 79
774 84
775 84
776 83
777 85
778 86
779 83
780 84
781 87
782 82
783 83
784 84
785 89
786 82
787 82
788 82
789 85
790 86
791 90
792 96
793 102
794 83
795 82
796 84
797 81
798 81
799 82
800 82
801 82
802 82
803 86
804 81
805 89
806 86
807 87
808 83
809 85
810 88
811 80
812 82
813 85
814 84
815 79
816 83
817 82
818 86
819 81
820 86
821 85
822 82
823 83
824 85
825 84
826 84
827 85
828 80
829 84
830 87
831 83
832 83
833 84
834 83
835 84
836 83
837 97
838 95
839 83
840 84
841 81
842 83
843 85
844 81
845 85
846 81
847 83
848 84
849 85
850 80
851 83
852 84
853 83
854 83
855 82
856 86
857 84
858 82
859 90
860 79
861 83
862 83
863 83
864 83
865 88
866 88
867 82
868 87
869 81
870 85
871 85
872 80
873 86
874 80
875 83
876 87
877 85
878 82
879 84
880 84
881 87
882 100
883 87
884 89
885 83
886 85
887 83
888 84
889 87
890 85
891 85
892 84
893 85
894 85
895 90
896 83
897 89
898 80
899 80
900 79
901 80
902 88
903 90
904 82
905 94
906 83
907 83
908 82
909 86
910 85
911 85
912 85
913 87
914 82
915 80
916 83
917 88
918 79
919 84
920 85
921 84
922 82
923 110
924 104
925 84
926 80
927 80
928 80
929 85
930 93
931 99
932 78
933 80
934 90
935 89
936 88
937 86
938 83
939 85
940 93
941 82
942 84
943 82
944 86
945 84
946 90
947 81
948 79
949 88
950 85
951 87
952 90
953 82
954 82
955 86
956 85
957 87
958 86
959 86
960 86
961 81
962 82
963 81
964 80
965 86
966 85
967 99
968 84
969 89
970 85
971 86
972 80
973 83
974 86
975 87
976 84
977 80
978 85
979 82
980 86
981 81
982 79
983 87
984 85
985 82
986 85
987 81
988 82
989 87
990 83
991 90
992 81
993 89
994 82
995 81
996 83
997 88
998 88
999 87
1000 81
1001 88
1002 83
1003 88
1004 88
1005 83
1006 85
1007 85
1008 107
1009 100
1010 82
1011 86
1012 80
1013 83
1014 81
1015 88
1016 86
1017 88
1018 79
1019 83
1020 87
1021 83
1022 83
1023 90
1024 83
1025 79
1026 89
1027 91
1028 87
1029 87
1030 84
1031 86
1032 89
1033 87
1034 89
1035 92
1036 90
1037 84
1038 80
1039 86
1040 87
1041 92
1042 82
1043 86
1044 90
1045 87
1046 83
1047 84
1048 82
1049 82
1050 85
1051 89
1052 103
1053 89
1054 79
1055 85
1056 81
1057 82
1058 79
1059 84
1060 84
1061 85
1062 82
1063 82
1064 89
1065 85
1066 81
1067 86
1068 83
1069 83
1070 79
1071 82
1072 81
1073 82
1074 88
1075 82
1076 80
1077 81
1078 81
1079 86
1080 82
1081 85
1082 81
1083 81
1084 82
1085 82
1086 86
1087 84
1088 82
1089 87
1090 78
1091 82
1092 81
1093 83
1094 103
1095 105
1096 85
1097 82
1098 81
1099 89
1100 83
1101 80
1102 84
1103 84
1104 82
1105 87
1106 87
1107 80
1108 80
1109 79
1110 87
1111 84
1112 86
1113 82
1114 81
1115 83
1116 81
1117 83
1118 81
1119 83
1120 78
1121 93
1122 89
1123 82
1124 87
1125 85
1126 82
1127 87
1128 79
1129 81
1130 84
1131 87
1132 81
1133 82
1134 86
1135 85
1136 83
1137 81
1138 83
1139 104
1140 103
1141 87
1142 80
1143 82
1144 83
1145 81
1146 80
1147 90
1148 80
1149 87
1150 84
1151 81
1152 84
1153 84
1154 81
1155 82
1156 89
1157 83
1158 79
1159 83
1160 81
1161 80
1162 86
1163 86
1164 87
1165 78
1166 81
1167 84
1168 80
1169 81
1170 82
1171 88
1172 84
1173 85
1174 84
1175 87
1176 88
1177 89
1178 83
1179 85
1180 81
1181 81
1182 83
1183 83
1184 99
1185 99
1186 83
1187 78
1188 84
1189 83
1190 80
1191 90
1192 82
1193 80
1194 84
1195 83
1196 81
1197 83
1198 87
1199 80
1200 79
1201 81
1202 82
1203 80
1204 83
1205 84
1206 83
1207 85
1208 84
1209 85
1210 81
1211 85
1212 81
1213 85
1214 84
1215 80
1216 87
1217 83
1218 84
1219 83
1220 82
1221 80
1222 81
1223 82
1224 87
1225 85
1226 104
1227 103
1228 82
1229 85
1230 84
1231 87
1232 82
1233 85
1234 81
1235 84
1236 85
1237 85
1238 83
1239 81
1240 83
1241 84
1242 83
1243 88
1244 82
1245 77
1246 83
1247 82
1248 89
1249 84
1250 84
1251 84
1252 80
1253 80
1254 119
1255 87
1256 83
1257 84
1258 83
1259 89
1260 78
1261 80
1262 86
1263 85
1264 77
1265 85
1266 83
1267 83
1268 81
1269 80
1270 83
1271 106
1272 98
1273 85
1274 85
1275 87
1276 82
1277 86
1278 86
1279 92
1280 84
1281 83
1282 82
1283 83
1284 80
1285 83
1286 80
1287 78
1288 81
1289 86
1290 84
1291 81
1292 83
1293 85
1294 81
1295 81
1296 83
1297 82
1298 82
1299 85
1300 83
1301 85
1302 80
1303 81
1304 82
1305 87
1306 79
1307 85
1308 86
1309 82
1310 88
1311 84
1312 81
1313 105
1314 101
1315 84
1316 80
1317 87
1318 83
1319 82
1320 82
1321 85
1322 95
1323 83
1324 82
1325 77
1326 80
1327 86
1328 86
1329 83
1330 82
1331 80
1332 83
1333 84
1334 81
1335 83
1336 83
1337 82
1338 93
1339 85
1340 81
1341 82
1342 88
1343 80
1344 88
1345 87
1346 84
1347 88
1348 86
1349 83
1350 83
1351 87
1352 86
1353 82
1354 81
1355 83
1356 83
1357 81
1358 101
1359 87
1360 83
1361 86
1362 84
1363 82
1364 85
1365 84
1366 83
1367 84
1368 83
1369 83
1370 85
1371 83
1372 79
1373 84
1374 85
1375 81
1376 85
1377 88
1378 78
1379 79
1380 81
1381 85
1382 83
1383 80
1384 82
1385 109
1386 83
1387 81
1388 81
1389 82
1390 84
1391 82
1392 88
1393 80
1394 80
1395 87
1396 83
1397 82
1398 85
1399 87
1400 86
1401 87
1402 87
1403 100
1404 87
1405 88
1406 79
1407 87
1408 89
1409 89
1410 90
1411 85
1412 84
1413 84
1414 83
1415 83
1416 94
1417 86
1418 89
1419 84
1420 88
1421 80
1422 84
1423 81
1424 81
1425 85
1426 87
1427 81
1428 81
1429 80
1430 88
1431 84
1432 78
1433 84
1434 81
1435 81
1436 82
1437 83
1438 87
1439 83
1440 81
1441 80
1442 85
1443 81
1444 103
1445 83
1446 80
1447 83
1448 86
1449 98
1450 83
1451 86
1452 82
1453 83
1454 84
1455 81
1456 83
1457 84
1458 82
1459 80
1460 84
1461 83
1462 82
1463 83
1464 85
1465 85
1466 84
1467 79
1468 84
1469 82
1470 86
1471 86
1472 86
1473 84
1474 82
1475 84
1476 83
1477 81
1478 81
1479 81
1480 86
1481 88
1482 85
1483 80
1484 82
1485 81
1486 86
1487 84
1488 110
1489 79
1490 83
1491 86
1492 82
1493 80
1494 83
1495 81
1496 86
1497 83
1498 81
1499 88
1500 81
1501 82
1502 86
1503 80
1504 83
1505 81
1506 83
1507 84
1508 83
1509 82
1510 84
1511 83
1512 83
1513 83
1514 83
1515 82
1516 81
1517 87
1518 86
1519 81
1520 80
1521 84
1522 87
1523 82
1524 86
1525 81
1526 88
1527 81
1528 81
1529 81
1530 101
1531 105
1532 85
1533 80
1534 83
1535 81
1536 80
1537 82
1538 87
1539 80
1540 84
1541 81
1542 84
1543 84
1544 81
1545 82
1546 84
1547 82
1548 82
1549 82
1550 86
1551 82
1552 81
1553 81
1554 84
1555 84
1556 83
1557 80
1558 84
1559 83
1560 81
1561 84
1562 86
1563 82
1564 84
1565 80
1566 83
1567 80
1568 84
1569 80
1570 85
1571 83
1572 79
1573 81
1574 86
1575 96
1576 106
1577 86
1578 82
1579 80
1580 83
1581 85
1582 81
1583 86
1584 80
1585 80
1586 85
1587 83
1588 85
1589 87
1590 77
1591 84
1592 84
1593 82
1594 84
1595 81
1596 83
1597 81
1598 83
1599 88
1600 83
1601 83
1602 84
1603 85
1604 90
1605 85
1606 84
1607 87
1608 83
1609 86
1610 84
1611 82
1612 87
1613 86
1614 83
1615 84
1616 84
1617 99
1618 85
1619 86
1620 85
1621 83
1622 85
1623 80
1624 83
1625 87
1626 83
1627 83
1628 88
1629 86
1630 85
1631 82
1632 88
1633 82
1634 90
1635 83
1636 85
1637 85
1638 90
1639 84
1640 83
1641 81
1642 82
1643 90
1644 89
1645 83
1646 82
1647 83
1648 89
1649 84
1650 81
1651 81
1652 88
1653 80
1654 107
1655 87
1656 87
1657 83
1658 82
1659 80
1660 99
1661 105
1662 85
1663 84
1664 82
1665 79
1666 83
1667 86
1668 85
1669 81
1670 85
1671 84
1672 83
1673 81
1674 81
1675 81
1676 79
1677 82
1678 82
1679 80
1680 85
1681 88
1682 84
1683 86
1684 82
1685 83
1686 88
1687 85
1688 83
1689 81
1690 77
1691 80
1692 85
1693 85
1694 84
1695 90
1696 89
1697 87
1698 84
1699 78
1700 83
1701 82
1702 82
1703 81
1704 83
1705 101
1706 107
1707 85
1708 78
1709 79
1710 82
1711 85
1712 84
1713 82
1714 82
1715 83
1716 83
1717 80
1718 84
1719 80
1720 85
1721 89
1722 83
1723 84
1724 86
1725 85
1726 83
1727 87
1728 81
1729 81
1730 78
1731 86
1732 82
1733 82
1734 99
1735 100
1736 80
1737 85
1738 86
1739 82
1740 84
1741 88
1742 82
1743 82
1744 83
1745 84
1746 83
1747 102
1748 91
1749 83
1750 83
1751 85
1752 90
1753 83
1754 83
1755 84
1756 80
1757 86
1758 82
1759 78
1760 83
1761 99
1762 111
1763 107
1764 102
1765 109
1766 106
1767 121
1768 108
1769 119
1770 114
1771 106
1772 126
1773 117
1774 111
1775 128
1776 107
1777 111
1778 111
1779 113
1780 108
1781 78
1782 79
1783 90
1784 104
1785 81
1786 85
1787 81
1788 81
1789 83
1790 83
1791 83
1792 87
1793 86
1794 82
1795 82
1796 82
1797 81
1798 84
1799 77
1800 81
1801 81
1802 84
1803 83
1804 85
1805 86
1806 82
1807 81
1808 86
1809 81
1810 85
1811 84
1812 85
1813 83
1814 80
1815 86
1816 86
1817 85
1818 82
1819 82
1820 81
1821 84
1822 84
1823 80
1824 80
1825 85
1826 104
1827 87
1828 90
1829 83
1830 88
1831 83
1832 86
1833 85
1834 85
1835 91
1836 84
1837 80
1838 82
1839 84
1840 86
1841 84
1842 79
1843 84
1844 82
1845 83
1846 86
1847 83
1848 89
1849 88
1850 81
1851 81
1852 83
1853 84
1854 87
1855 85
1856 86
1857 82
1858 83
1859 81
1860 85
1861 82
1862 83
1863 82
1864 83
1865 85
1866 83
1867 84
1868 83
1869 91
1870 100
1871 81
1872 78
1873 80
1874 87
1875 85
1876 80
1877 79
1878 81
1879 84
1880 86
1881 81
1882 85
1883 83
1884 87
1885 84
1886 83
1887 85
1888 82
1889 89
1890 84
1891 84
1892 84
1893 81
1894 82
1895 84
1896 83
1897 87
1898 83
1899 82
1900 80
1901 82
1902 82
1903 80
1904 89
1905 78
1906 83
1907 85
1908 85
1909 87
1910 84
1911 81
1912 81
1913 86
1914 93
1915 109
1916 81
1917 86
1918 85
1919 81
1920 83
1921 90
1922 82
1923 80
1924 81
1925 87
1926 84
1927 82
1928 84
1929 80
1930 89
1931 78
1932 83
1933 84
1934 82
1935 82
1936 83
1937 81
1938 85
1939 83
1940 85
1941 85
1942 84
1943 79
1944 83
1945 81
1946 82
1947 83
1948 83
1949 89
1950 84
1951 83
1952 81
1953 85
1954 87
1955 81
1956 83
1957 104
1958 85
1959 81
1960 78
1961 87
1962 79
1963 89
1964 79
1965 86
1966 87
1967 81
1968 87
1969 86
1970 81
1971 80
1972 79
1973 80
1974 85
1975 82
1976 84
1977 81
1978 80
1979 81
1980 85
1981 86
1982 88
1983 82
1984 84
1985 89
1986 81
1987 87
1988 87
1989 84
1990 84
1991 95
1992 90
1993 84
1994 82
1995 82
1996 84
1997 88
1998 89
1999 82
2000 86
2001 99
2002 93
2003 83
2004 85
2005 83
2006 81
2007 87
2008 80
2009 84
2010 79
2011 82
2012 84
2013 82
2014 81
2015 80
2016 83
2017 81
2018 91
2019 82
2020 80
2021 78
2022 87
2023 88
2024 82
2025 85
2026 82
2027 94
2028 84
2029 86
2030 85
2031 81
2032 87
2033 85
2034 92
2035 83
2036 84
2037 85
2038 87
2039 83
2040 83
2041 79
2042 92
2043 99
2044 93
2045 82
2046 84
2047 80
2048 83
2049 87
2050 80
2051 83
2052 81
2053 85
2054 81
2055 84
2056 84
2057 78
2058 80
2059 80
2060 86
2061 83
2062 83
2063 81
2064 84
2065 94
2066 87
2067 82
2068 87
2069 88
2070 87
2071 80
2072 81
2073 89
2074 80
2075 85
2076 80
2077 85
2078 89
2079 83
2080 83
2081 86
2082 82
2083 83
2084 86
2085 91
2086 82
2087 87
2088 91
2089 85
2090 83
2091 80
2092 82
2093 81
2094 82
2095 86
2096 84
2097 84
2098 83
2099 82
2100 83
2101 82
2102 86
2103 85
2104 85
2105 85
2106 89
2107 84
2108 83
2109 84
2110 91
2111 93
2112 81
2113 81
2114 96
2115 82
2116 87
2117 80
2118 89
2119 78
2120 83
2121 81
2122 82
2123 82
2124 85
2125 82
2126 82
2127 82
2128 83
2129 82
2130 87
2131 81
2132 86
2133 84
2134 80
2135 84
2136 80
2137 84
2138 84
2139 83
2140 83
2141 92
2142 95
2143 81
2144 81
2145 79
2146 82
2147 83
2148 80
2149 80
2150 82
2151 83
2152 84
2153 84
2154 83
2155 82
2156 81
2157 85
2158 83
2159 84
2160 85
2161 82
2162 79
2163 83
2164 82
2165 89
2166 81
2167 86
2168 83
2169 86
2170 81
2171 81
2172 87
2173 83
2174 85
2175 81
2176 86
2177 84
2178 82
2179 83
2180 81
2181 83
2182 82
2183 82
2184 80
2185 86
2186 82
2187 84
2188 80
2189 80
2190 84
2191 81
2192 84
2193 81
2194 86
2195 77
2196 88
2197 81
2198 80
2199 81
2200 84
2201 82
2202 81
2203 84
2204 78
2205 84
2206 85
2207 81
2208 82
2209 83
2210 83
2211 82
2212 79
2213 79
2214 83
2215 80
2216 80
2217 80
2218 82
2219 87
2220 81
2221 95
2222 83
2223 83
2224 86
2225 85
2226 82
2227 85
2228 80
2229 80
2230 82
2231 85
2232 83
2233 81
2234 82
2235 82
2236 85
2237 86
2238 83
2239 83
2240 81
2241 82
2242 81
2243 83
2244 80
2245 85
2246 78
2247 80
2248 84
2249 85
2250 85
2251 81
2252 85
2253 83
2254 85
2255 86
2256 82
2257 81
2258 80
2259 83
2260 85
2261 83
2262 85
2263 82
2264 86
2265 80
2266 79
2267 84
2268 81
2269 80
2270 82
2271 81
2272 86
2273 85
2274 80
2275 83
2276 80
2277 84
2278 82
2279 83
2280 82
2281 81
2282 80
2283 82
2284 81
2285 80
2286 82
2287 78
2288 83
2289 83
2290 81
2291 82
2292 87
2293 78
2294 86
2295 79
2296 80
2297 84
2298 82
2299 86
2300 84
2301 84
2302 80
2303 84
2304 88
2305 82
2306 85
2307 84
2308 85
2309 96
2310 82
2311 84
2312 85
2313 90
2314 82
2315 84
2316 89
2317 87
2318 85
2319 83
2320 82
2321 81
2322 83
2323 82
2324 85
2325 85
2326 85
2327 81
2328 86
2329 86
2330 81
2331 85
2332 84
2333 80
2334 86
2335 79
2336 83
2337 85
2338 82
2339 85
2340 80
2341 85
2342 83
2343 86
2344 82
2345 83
2346 83
2347 83
2348 85
2349 82
2350 83
2351 83
2352 85
2353 82
2354 82
2355 81
2356 82
2357 82
2358 81
2359 83
2360 83
2361 84
2362 84
2363 89
2364 83
2365 82
2366 84
2367 85
2368 87
2369 82
2370 84
2371 84
2372 88
2373 81
2374 84
2375 83
2376 88
2377 82
2378 91
2379 83
2380 86
2381 81
2382 81
2383 86
2384 84
2385 81
2386 85
2387 82
2388 86
2389 83
2390 85
2391 80
2392 79
2393 82
2394 87
2395 85
2396 80
2397 80
2398 87
2399 83
2400 85
2401 113
2402 84
2403 85
2404 83
2405 80
2406 87
2407 84
2408 85
2409 82
2410 86
2411 85
2412 85
2413 82
2414 86
2415 80
2416 85
2417 82
2418 80
2419 81
2420 84
2421 81
2422 79
2423 81
2424 84
2425 82
2426 85
2427 84
2428 83
2429 83
2430 83
2431 90
2432 81
2433 83
2434 84
2435 83
2436 82
2437 83
2438 86
2439 81
2440 82
2441 86
2442 80
2443 83
2444 85
2445 84
2446 82
2447 83
2448 81
2449 84
2450 85
2451 79
2452 83
2453 82
2454 84
2455 80
2456 82
2457 82
2458 81
2459 85
2460 82
2461 84
2462 76
2463 81
2464 89
2465 83
2466 81
2467 78
2468 83
2469 85
2470 83
2471 84
2472 81
2473 80
2474 84
2475 85
2476 87
2477 85
2478 82
2479 83
2480 82
2481 83
2482 84
2483 84
2484 86
2485 90
2486 83
2487 84
2488 85
2489 86
2490 79
2491 85
2492 79
2493 84
2494 87
2495 85
2496 85
2497 82
2498 85
2499 79
2500 83
2501 82
2502 80
2503 81
2504 81
2505 85
2506 82
2507 82
2508 79
2509 80
2510 79
2511 87
2512 85
2513 84
2514 82
2515 85
2516 110
2517 112
2518 120
2519 114
2520 114
2521 112
2522 109
2523 111
2524 86
2525 89
2526 85
2527 82
2528 84
2529 80
2530 83
2531 84
2532 85
2533 83
2534 85
2535 82
2536 84
2537 81
2538 84
2539 88
2540 82
2541 85
2542 86
2543 116
2544 82
2545 81
2546 86
2547 82
2548 82
2549 81
2550 86
2551 94
2552 83
2553 82
2554 85
2555 82
2556 85
2557 84
2558 81
2559 85
2560 85
2561 87
2562 85
2563 80
2564 83
2565 82
2566 82
2567 84
2568 81
2569 112
2570 115
2571 104
2572 111
2573 108
2574 101
2575 103
2576 104
2577 107
2578 104
2579 103
2580 106
2581 107
2582 108
2583 111
2584 109
2585 110
2586 112
2587 108
2588 104
2589 80
2590 84
2591 85
2592 85
2593 83
2594 87
2595 84
2596 100
2597 88
2598 85
2599 79
2600 95
2601 113
2602 85
2603 80
2604 90
2605 87
2606 86
2607 87
2608 87
2609 87
2610 81
2611 83
2612 88
2613 93
2614 86
2615 86
2616 88
2617 92
2618 95
2619 90
2620 91
2621 87
2622 88
2623 82
2624 83
2625 82
2626 88
2627 86
2628 86
2629 80
2630 81
2631 87
2632 87
2633 84
2634 81
2635 94
2636 91
2637 94
2638 86
2639 87
2640 86
2641 86
2642 84
2643 87
2644 91
2645 85
2646 86
2647 80
2648 84
2649 85
2650 87
2651 81
2652 89
2653 81
2654 83
2655 90
2656 81
2657 81
2658 79
2659 83
2660 86
2661 83
2662 83
2663 82
2664 82
2665 92
2666 85
2667 88
2668 82
2669 83
2670 87
2671 84
2672 85
2673 81
2674 84
2675 86
2676 83
2677 84
2678 93
2679 92
2680 84
2681 100
2682 113
2683 102
2684 105
2685 115
2686 106
2687 103
2688 103
2689 108
2690 100
2691 103
2692 108
2693 105
2694 105
2695 106
2696 100
2697 108
2698 107
2699 110
2700 112
2701 117
2702 107
2703 104
2704 107
2705 114
2706 104
2707 111
2708 110
2709 104
2710 106
2711 110
2712 86
2713 105
2714 110
2715 103
2716 107
2717 106
2718 101
2719 105
2720 108
2721 109
2722 103
2723 112
2724 103
2725 106
2726 105
2727 109
2728 116
2729 104
2730 104
2731 107
2732 106
2733 107
2734 109
2735 107
2736 109
2737 100
2738 108
2739 98
2740 106
2741 106
2742 103
2743 112
2744 98
2745 105
2746 117
2747 103
2748 111
2749 101
2750 103
2751 103
2752 102
2753 103
2754 111
2755 104
2756 103
2757 83
2758 84
2759 87
2760 83
2761 80
2762 79
2763 79
2764 82
2765 84
2766 81
2767 81
2768 80
2769 80
2770 86
2771 81
2772 87
2773 84
2774 81
2775 89
2776 79
2777 83
2778 82
2779 81
2780 83
2781 82
2782 80
2783 82
2784 80
2785 84
2786 82
2787 83
2788 85
2789 82
2790 85
2791 85
2792 92
2793 89
2794 82
2795 85
2796 89
2797 86
2798 84
2799 84
2800 81
2801 84
2802 82
2803 80
2804 82
2805 84
2806 94
2807 85
2808 81
2809 95
2810 82
2811 86
2812 83
2813 80
2814 80
2815 84
2816 80
2817 84
2818 81
2819 79
2820 88
2821 86
2822 79
2823 86
2824 82
2825 85
2826 84
2827 85
2828 83
2829 81
2830 94
2831 98
2832 81
2833 86
2834 83
2835 93
2836 87
2837 82
2838 90
2839 83
2840 88
2841 79
2842 78
2843 84
2844 85
2845 80
2846 84
2847 82
2848 84
2849 80
2850 91
2851 83
2852 84
2853 82
2854 84
2855 83
2856 79
2857 88
2858 92
2859 82
2860 86
2861 84
2862 86
2863 79
2864 86
2865 83
2866 84
2867 83
2868 85
2869 80
2870 81
2871 92
2872 84
2873 83
2874 84
2875 86
2876 82
2877 84
2878 88
2879 82
2880 83
2881 85
2882 80
2883 86
2884 86
2885 82
2886 82
2887 79
2888 84
2889 86
2890 79
2891 81
2892 83
2893 83
2894 81
2895 81
2896 93
2897 84
2898 86
2899 83
2900 80
2901 80
2902 82
2903 85
2904 83
2905 80
2906 82
2907 87
2908 86
2909 84
2910 79
2911 92
2912 83
2913 80
2914 82
2915 81
2916 84
2917 88
2918 84
2919 83
2920 85
2921 83
2922 79
2923 80
2924 84
2925 88
2926 100
2927 79
2928 82
2929 85
2930 87
2931 89
2932 83
2933 97
2934 80
2935 85
2936 93
2937 83
2938 87
2939 87
2940 86
2941 92
2942 83
2943 84
2944 81
2945 85
2946 85
2947 81
2948 82
2949 87
2950 84
2951 84
2952 87
2953 91
2954 88
2955 87
2956 84
2957 81
2958 83
2959 93
2960 83
2961 83
2962 78
2963 83
2964 81
2965 94
2966 82
2967 85
2968 85
2969 86
2970 90
2971 88
2972 82
2973 83
2974 88
2975 82
2976 82
2977 114
2978 91
2979 81
2980 81
2981 81
2982 78
2983 84
2984 85
2985 89
2986 83
2987 102
2988 85
2989 82
2990 80
2991 83
2992 81
2993 82
2994 89
2995 83
2996 84
2997 83
2998 82
2999 83
3000 88
3001 82
3002 81
3003 86
3004 92
3005 83
3006 79
3007 84
3008 82
3009 81
3010 91
3011 88
3012 82
3013 80
3014 84
3015 79
3016 82
3017 96
3018 84
3019 85
3020 83
3021 86
3022 84
3023 83
3024 80
3025 83
3026 81
3027 84
3028 82
3029 82
3030 80
3031 83
3032 85
3033 85
3034 82
3035 87
3036 84
3037 83
3038 80
3039 85
3040 81
3041 86
3042 85
3043 85
3044 84
3045 84
3046 84
3047 111
3048 82
3049 80
3050 79
3051 90
3052 82
3053 86
3054 84
3055 84
3056 112
3057 80
3058 82
3059 89
3060 81
3061 88
3062 85
3063 79
3064 84
3065 85
3066 83
3067 83
3068 82
3069 83
3070 89
3071 83
3072 90
3073 83
3074 80
3075 85
3076 84
3077 81
3078 80
3079 82
3080 85
3081 84
3082 84
3083 84
3084 88
3085 86
3086 87
3087 90
3088 89
3089 85
3090 82
3091 84
3092 78
3093 80
3094 85
3095 82
3096 83
3097 102
3098 90
3099 83
3100 111
3101 86
3102 87
3103 84
3104 79
3105 83
3106 83
3107 83
3108 87
3109 81
3110 85
3111 83
3112 84
3113 85
3114 83
3115 82
3116 82
3117 83
3118 84
3119 92
3120 85
3121 81
3122 84
3123 84
3124 88
3125 81
3126 81
3127 78
3128 88
3129 83
3130 79
3131 82
3132 82
3133 80
3134 80
3135 85
3136 82
3137 85
3138 80
3139 89
3140 87
3141 105
3142 83
3143 82
3144 82
3145 80
3146 84
3147 85
3148 89
3149 83
3150 86
3151 87
3152 86
3153 83
3154 82
3155 82
3156 80
3157 85
3158 81
3159 86
3160 92
3161 84
3162 82
3163 85
3164 81
3165 84
3166 83
3167 86
3168 83
3169 78
3170 82
3171 83
3172 86
3173 79
3174 83
3175 83
3176 82
3177 87
3178 83
3179 85
3180 80
3181 79
3182 80
3183 109
3184 80
3185 80
3186 83
3187 82
3188 83
3189 81
3190 84
3191 84
3192 88
3193 83
3194 81
3195 83
3196 82
3197 90
3198 84
3199 85
3200 86
3201 80
3202 82
3203 85
3204 85
3205 80
3206 84
3207 88
3208 79
3209 87
3210 82
3211 85
3212 87
3213 84
3214 84
3215 85
3216 87
3217 79
3218 81
3219 91
3220 81
3221 80
3222 81
3223 79
3224 83
3225 83
3226 83
3227 101
3228 88
3229 86
3230 78
3231 79
3232 80
3233 82
3234 88
3235 94
3236 83
3237 104
3238 82
3239 83
3240 81
3241 85
3242 80
3243 79
3244 83
3245 82
3246 86
3247 82
3248 82
3249 103
3250 86
3251 83
3252 80
3253 81
3254 79
3255 81
3256 85
3257 80
3258 82
3259 82
3260 83
3261 93
3262 78
3263 80
3264 81
3265 83
3266 81
3267 82
3268 83
3269 89
3270 84
3271 82
3272 93
3273 82
3274 81
3275 81
3276 82
3277 82
3278 81
3279 92
3280 81
3281 81
3282 81
3283 79
3284 95
3285 85
3286 85
3287 81
3288 82
3289 81
3290 79
3291 82
3292 79
3293 84
3294 85
3295 84
3296 88
3297 89
3298 85
3299 83
3300 83
3301 84
3302 82
3303 89
3304 88
3305 84
3306 84
3307 83
3308 85
3309 88
3310 87
3311 93
3312 83
3313 82
3314 93
3315 98
3316 86
3317 84
3318 85
3319 86
3320 97
3321 108
3322 110
3323 111
3324 81
3325 82
3326 87
3327 81
3328 84
3329 85
3330 85
3331 86
3332 79
3333 85
3334 83
3335 85
3336 83
3337 89
3338 89
3339 89
3340 90
3341 85
3342 89
3343 90
3344 90
3345 85
3346 90
3347 90
3348 89
3349 85
3350 81
3351 86
3352 92
3353 86
3354 94
3355 96
3356 112
3357 85
3358 81
3359 97
3360 84
3361 84
3362 84
3363 85
3364 85
3365 84
3366 83
3367 82
3368 79
3369 79
3370 84
3371 88
3372 80
3373 79
3374 81
3375 81
3376 130
3377 86
3378 83
3379 81
3380 80
3381 87
3382 82
3383 88
3384 85
3385 82
3386 83
3387 84
3388 87
3389 94
3390 90
3391 86
3392 82
3393 85
3394 80
3395 82
3396 87
3397 87
3398 84
3399 89
3400 83
3401 86
3402 84
3403 90
3404 82
3405 85
3406 91
3407 85
3408 88
3409 85
3410 85
3411 80
3412 85
3413 84
3414 80
3415 89
3416 87
3417 85
3418 86
3419 90
3420 81
3421 79
3422 83
3423 85
3424 81
3425 114
3426 88
3427 89
3428 82
3429 86
3430 83
3431 85
3432 90
3433 89
3434 81
3435 82
3436 84
3437 85
3438 86
3439 83
3440 84
3441 89
3442 85
3443 92
3444 82
3445 82
3446 80
3447 84
3448 88
3449 88
3450 85
3451 79
3452 84
3453 83
3454 79
3455 79
3456 79
3457 79
3458 91
3459 87
3460 84
3461 81
3462 87
3463 81
3464 90
3465 84
3466 81
3467 83
3468 83
3469 83
3470 89
3471 82
3472 87
3473 84
3474 80
3475 86
3476 83
3477 85
3478 85
3479 84
3480 87
3481 84
3482 88
3483 81
3484 111
3485 116
3486 107
3487 104
3488 100
3489 102
3490 101
3491 105
3492 98
3493 107
3494 84
3495 80
3496 85
3497 87
3498 93
3499 84
3500 92
3501 86
3502 80
3503 79
3504 94
3505 85
3506 88
3507 82
3508 82
3509 81
3510 85
3511 83
3512 86
3513 82
3514 84
3515 81
3516 85
3517 83
3518 87
3519 84
3520 81
3521 81
3522 80
3523 87
3524 90
3525 95
3526 98
3527 81
3528 80
3529 85
3530 83
3531 83
3532 84
3533 87
3534 85
3535 82
3536 85
3537 80
3538 85
3539 84
3540 89
3541 81
3542 81
3543 85
3544 82
3545 83
3546 85
3547 83
3548 83
3549 84
3550 83
3551 82
3552 109
3553 81
3554 84
3555 84
3556 85
3557 88
3558 84
3559 95
3560 83
3561 81
3562 80
3563 83
3564 86
3565 89
3566 85
3567 82
3568 90
3569 88
3570 85
3571 90
3572 84
3573 84
3574 84
3575 87
3576 86
3577 84
3578 84
3579 81
3580 84
3581 87
3582 80
3583 83
3584 88
3585 86
3586 83
3587 85
3588 81
3589 83
3590 83
3591 79
3592 90
3593 81
3594 85
3595 85
3596 83
3597 82
3598 90
3599 82
3600 82
3601 84
3602 89
3603 89
3604 84
3605 82
3606 84
3607 84
3608 82
3609 79
3610 83
3611 89
3612 86
3613 83
3614 86
3615 84
3616 83
3617 82
3618 84
3619 81
3620 86
3621 86
3622 84
3623 83
3624 79
3625 86
3626 84
3627 83
3628 85
3629 86
3630 82
3631 81
3632 83
3633 87
3634 84
3635 99
3636 86
3637 83
3638 84
3639 80
3640 86
3641 84
3642 81
3643 82
3644 85
3645 78
3646 88
3647 82
3648 79
3649 84
3650 82
3651 86
3652 84
3653 79
3654 90
3655 84
3656 89
3657 80
3658 80
3659 84
3660 80
3661 81
3662 81
3663 82
3664 83
3665 83
3666 84
3667 83
3668 83
3669 82
3670 81
3671 81
3672 81
3673 81
3674 80
3675 83
3676 83
3677 82
3678 80
3679 85
3680 85
3681 83
3682 85
3683 82
3684 87
3685 79
3686 79
3687 82
3688 82
3689 83
3690 84
3691 80
3692 85
3693 82
3694 83
3695 82
3696 82
3697 84
3698 83
3699 97
3700 83
3701 83
3702 85
3703 84
3704 80
3705 77
3706 85
3707 81
3708 82
3709 78
3710 84
3711 80
3712 79
3713 85
3714 79
3715 85
3716 83
3717 93
3718 83
3719 82
3720 83
3721 83
3722 86
3723 82
3724 86
3725 80
3726 81
3727 82
3728 82
3729 82
3730 85
3731 82
3732 83
3733 84
3734 86
3735 81
3736 83
3737 83
3738 82
3739 80
3740 87
3741 81
3742 89
3743 94
3744 83
3745 84
3746 80
3747 84
3748 83
3749 85
3750 101
3751 94
3752 92
3753 83
3754 84
3755 83
3756 83
3757 80
3758 87
3759 83
3760 83
3761 90
3762 84
3763 88
3764 86
3765 89
3766 87
3767 81
3768 80
3769 78
3770 76
3771 82
3772 80
3773 84
3774 85
3775 81
3776 82
3777 80
3778 86
3779 84
3780 83
3781 87
3782 83
3783 84
3784 85
3785 108
3786 85
3787 83
3788 85
3789 87
3790 85
3791 82
3792 83
3793 99
3794 84
3795 83
3796 88
3797 85
3798 81
3799 81
3800 86
3801 81
3802 84
3803 90
3804 88
3805 84
3806 80
3807 83
3808 87
3809 85
3810 87
3811 84
3812 83
3813 83
3814 88
3815 88
3816 88
3817 88
3818 86
3819 87
3820 97
3821 82
3822 83
3823 85
3824 81
3825 83
3826 85
3827 93
3828 87
3829 94
3830 94
3831 79
3832 81
3833 85
3834 89
3835 86
3836 87
3837 86
3838 95
3839 88
3840 85
3841 89
3842 84
3843 91
3844 104
3845 80
3846 82
3847 83
3848 82
3849 88
3850 83
3851 81
3852 80
3853 90
3854 81
3855 86
3856 85
3857 83
3858 100
3859 112
3860 104
3861 116
3862 108
3863 111
3864 109
3865 115
3866 97
3867 82
3868 91
3869 85
3870 84
3871 81
3872 85
3873 87
3874 82
3875 86
3876 89
3877 82
3878 82
3879 85
3880 88
3881 88
3882 80
3883 84
3884 83
3885 86
3886 83
3887 85
3888 89
3889 90
3890 83
3891 87
3892 84
3893 88
3894 84
3895 83
3896 85
3897 86
3898 84
3899 93
3900 80
3901 84
3902 84
3903 89
3904 89
3905 89
3906 87
3907 85
3908 91
3909 82
3910 84
3911 86
3912 82
3913 84
3914 85
3915 88
3916 91
3917 81
3918 82
3919 84
3920 85
3921 91
3922 83
3923 87
3924 86
3925 85
3926 81
3927 89
3928 87
3929 91
3930 86
3931 86
3932 83
3933 81
3934 86
3935 83
3936 80
3937 83
3938 88
3939 90
3940 80
3941 87
3942 82
3943 82
3944 90
3945 80
3946 85
3947 81
3948 101
3949 90
3950 85
3951 78
3952 85
3953 87
3954 83
3955 83
3956 92
3957 82
3958 89
3959 83
3960 81
3961 84
3962 83
3963 78
3964 83
3965 83
3966 83
3967 81
3968 82
3969 81
3970 84
3971 88
3972 86
3973 89
3974 81
3975 87
3976 82
3977 88
3978 84
3979 85
3980 80
3981 92
3982 85
3983 89
3984 80
3985 80
3986 90
3987 83
3988 92
3989 99
3990 87
3991 89
3992 91
3993 89
3994 85
3995 87
3996 94
3997 82
3998 80
3999 81
4000 80
4001 83
4002 83
4003 85
4004 83
4005 83
4006 85
4007 81
4008 82
4009 81
4010 85
4011 82
4012 101
4013 102
4014 87
4015 83
4016 82
4017 81
4018 84
4019 85
4020 86
4021 81
4022 84
4023 81
4024 84
4025 82
4026 84
4027 80
4028 82
4029 80
4030 81
4031 84
4032 91
4033 85
4034 81
4035 81
4036 85
4037 79
4038 84
4039 80
4040 83
4041 94
4042 83
4043 83
4044 84
4045 85
4046 88
4047 82
4048 87
4049 82
4050 90
4051 89
4052 81
4053 83
4054 85
4055 104
4056 96
4057 84
4058 83
4059 83
4060 100
4061 99
4062 87
4063 86
4064 83
4065 84
4066 91
4067 85
4068 83
4069 78
4070 81
4071 82
4072 91
4073 83
4074 88
4075 82
4076 87
4077 90
4078 80
4079 83
4080 85
4081 87
4082 79
4083 92
4084 87
4085 81
4086 87
4087 81
4088 80
4089 81
4090 81
4091 82
4092 78
4093 84
4094 88
4095 84
4096 84
4097 81
4098 97
4099 89
4100 86
4101 87
4102 84
4103 91
4104 83
4105 86
4106 118
4107 84
4108 87
4109 87
4110 98
4111 89
4112 86
4113 85
4114 88
4115 84
4116 81
4117 90
4118 85
4119 82
4120 80
4121 84
4122 87
4123 79
4124 87
4125 83
4126 106
4127 89
4128 88
4129 81
4130 83
4131 84
4132 83
4133 83
4134 97
4135 98
4136 82
4137 86
4138 88
4139 85
4140 86
4141 81
4142 85
4143 84
4144 87
4145 86
4146 86
4147 83
4148 85
4149 85
4150 85
4151 97
4152 80
4153 86
4154 83
4155 84
4156 85
4157 82
4158 85
4159 80
4160 82
4161 82
4162 85
4163 82
4164 81
4165 80
4166 85
4167 83
4168 83
4169 80
4170 88
4171 81
4172 85
4173 86
4174 81
4175 80
4176 84
4177 80
4178 85
4179 83
4180 82
4181 83
4182 88
4183 86
4184 82
4185 87
4186 84
4187 81
4188 86
4189 82
4190 87
4191 84
4192 84
4193 81
4194 79
4195 90
4196 80
4197 84
4198 89
4199 81
4200 88
4201 86
4202 83
4203 84
4204 91
4205 87
4206 83
4207 86
4208 91
4209 113
4210 83
4211 84
4212 83
4213 84
4214 83
4215 99
4216 84
4217 114
4218 91
4219 87
4220 105
4221 81
4222 87
4223 89
4224 82
4225 84
4226 85
4227 84
4228 89
4229 84
4230 86
4231 84
4232 85
4233 83
4234 83
4235 80
4236 81
4237 87
4238 84
4239 79
4240 108
4241 102
4242 107
4243 101
4244 103
4245 108
4246 100
4247 104
4248 108
4249 103
4250 114
4251 110
4252 102
4253 108
4254 114
4255 99
4256 103
4257 109
4258 110
4259 109
4260 109
4261 101
4262 105
4263 108
4264 106
4265 107
4266 116
4267 98
4268 106
4269 112
4270 106
4271 105
4272 109
4273 106
4274 102
4275 106
4276 107
4277 104
4278 110
4279 103
4280 101
4281 114
4282 111
4283 100
4284 109
4285 105
4286 109
4287 106
4288 110
4289 119
4290 103
4291 106
4292 116
4293 110
4294 114
4295 106
4296 118
4297 116
4298 110
4299 112
4300 100
4301 117
4302 103
4303 109
4304 112
4305 106
4306 116
4307 116
4308 106
4309 109
4310 110
4311 118
4312 107
4313 95
4314 89
4315 85
4316 85
4317 94
4318 87
4319 83
4320 83
4321 85
4322 82
4323 88
4324 83
4325 82
4326 80
4327 89
4328 94
4329 79
4330 97
4331 81
4332 88
4333 90
4334 91
4335 79
4336 88
4337 91
4338 82
4339 94
4340 86
4341 88
4342 80
4343 85
4344 84
4345 86
4346 85
4347 89
4348 86
4349 82
4350 83
4351 86
4352 93
4353 87
4354 83
4355 84
4356 84
4357 80
4358 86
4359 81
4360 84
4361 83
4362 85
4363 84
4364 80
4365 83
4366 84
4367 84
4368 82
4369 82
4370 84
4371 83
4372 84
4373 82
4374 82
4375 79
4376 86
4377 82
4378 86
4379 85
4380 79
4381 83
4382 84
4383 84
4384 84
4385 88
4386 83
4387 83
4388 85
4389 83
4390 86
4391 89
4392 82
4393 113
4394 84
4395 85
4396 83
4397 81
4398 87
4399 84
4400 82
4401 82
4402 85
4403 93
4404 101
4405 82
4406 103
4407 85
4408 116
4409 98
4410 96
4411 95
4412 83
4413 88
4414 84
4415 86
4416 87
4417 82
4418 82
4419 83
4420 85
4421 81
4422 81
4423 97
4424 84
4425 82
4426 82
4427 81
4428 93
4429 85
4430 86
4431 89
4432 84
4433 81
4434 83
4435 84
4436 89
4437 83
4438 87
4439 85
4440 86
4441 85
4442 84
4443 86
4444 84
4445 86
4446 86
4447 88
4448 85
4449 89
4450 83
4451 79
4452 88
4453 91
4454 89
4455 86
4456 89
4457 103
4458 82
4459 81
4460 85
4461 86
4462 85
4463 84
4464 84
4465 82
4466 81
4467 87
4468 88
4469 82
4470 85
4471 79
4472 88
4473 82
4474 92
4475 83
4476 85
4477 90
4478 86
4479 87
4480 84
4481 84
4482 91
4483 82
4484 104
4485 101
4486 86
4487 86
4488 86
4489 82
4490 129
4491 87
4492 88
4493 83
4494 90
4495 108
4496 86
4497 90
4498 111
4499 90
4500 92
4501 97
4502 92
4503 91
4504 96
4505 97
4506 89
4507 100
4508 98
4509 101
4510 97
4511 94
4512 93
4513 102
4514 97
4515 94
4516 86
4517 91
4518 89
4519 94
4520 93
4521 120
4522 118
4523 90
4524 89
4525 101
4526 97
4527 94
4528 92
4529 93
4530 95
4531 93
4532 105
4533 97
4534 94
4535 102
4536 104
4537 106
4538 94
4539 101
4540 92
4541 108
4542 105
4543 97
4544 91
4545 95
4546 95
4547 96
4548 95
4549 96
4550 98
4551 96
4552 96
4553 89
4554 95
4555 95
4556 96
4557 100
4558 94
4559 125
4560 100
4561 102
4562 96
4563 99
4564 97
4565 96
4566 101
4567 101
4568 95
4569 93
4570 96
4571 96
4572 107
4573 97
4574 97
4575 108
4576 93
4577 89
4578 92
4579 96
4580 91
4581 94
4582 102
4583 98
4584 94
4585 94
4586 97
4587 98
4588 95
4589 99
4590 91
4591 96
4592 95
4593 92
4594 101
4595 123
4596 92
4597 102
4598 90
4599 93
4600 96
4601 94
4602 93
4603 93
4604 97
4605 94
4606 90
4607 109
4608 94
4609 117
4610 94
4611 101
4612 99
4613 102
4614 99
4615 109
4616 113
4617 104
4618 99
4619 94
4620 99
4621 100
4622 99
4623 94
4624 98
4625 107
4626 94
4627 96
4628 94
4629 100
4630 110
4631 108
4632 120
4633 95
4634 97
4635 98
4636 101
4637 101
4638 96
4639 98
4640 111
4641 96
4642 108
4643 101
4644 97
4645 91
4646 94
4647 92
4648 98
4649 95
4650 101
4651 100
4652 100
4653 96
4654 96
4655 98
4656 101
4657 96
4658 100
4659 95
4660 99
4661 98
4662 98
4663 98
4664 92
4665 100
4666 105
4667 118
4668 97
4669 98
4670 92
4671 99
4672 97
4673 99
4674 101
4675 98
4676 93
4677 92
4678 102
4679 94
4680 102
4681 97
4682 93
4683 95
4684 92
4685 97
4686 94
4687 97
4688 96
4689 92
4690 92
4691 95
4692 96
4693 97
4694 92
4695 98
4696 93
4697 91
4698 91
4699 98
4700 94
4701 99
4702 98
4703 96
4704 95
4705 119
4706 93
4707 95
4708 98
4709 90
4710 96
4711 96
4712 96
4713 96
4714 91
4715 106
4716 95
4717 93
4718 100
4719 100
4720 96
4721 94
4722 95
4723 95
4724 98
4725 95
4726 93
4727 92
4728 93
4729 98
4730 102
4731 96
4732 92
4733 89
4734 117
4735 93
4736 96
4737 101
4738 93
4739 91
4740 93
4741 98
4742 97
4743 120
4744 95
4745 90
4746 92
4747 91
4748 93
4749 96
4750 94
4751 92
4752 93
4753 90
4754 116
4755 102
4756 91
4757 91
4758 95
4759 93
4760 95
4761 97
4762 92
4763 108
4764 95
4765 89
4766 92
4767 95
4768 93
4769 93
4770 92
4771 85
4772 91
4773 91
4774 98
4775 100
4776 90
4777 94
4778 91
4779 98
4780 122
4781 88
4782 91
4783 91
4784 90
4785 95
4786 91
4787 96
4788 91
4789 98
4790 91
4791 98
4792 89
4793 93
4794 100
4795 90
4796 92
4797 99
4798 90
4799 90
4800 106
4801 85
4802 87
4803 86
4804 88
4805 90
4806 96
4807 106
4808 92
4809 88
4810 92
4811 99
4812 94
4813 89
4814 104
4815 90
4816 88
4817 87
4818 84
4819 108
4820 108
4821 88
4822 90
4823 97
4824 88
4825 91
4826 96
4827 94
4828 84
4829 93
4830 87
4831 113
4832 85
4833 88
4834 95
4835 85
4836 82
4837 86
4838 84
4839 100
4840 99
4841 92
4842 88
4843 94
4844 93
4845 89
4846 93
4847 97
4848 87
4849 89
4850 87
4851 87
4852 92
4853 83
4854 89
4855 94
4856 92
4857 96
4858 116
4859 87
4860 86
4861 91
4862 86
4863 88
4864 102
4865 84
4866 104
4867 106
4868 85
4869 93
4870 95
4871 84
4872 84
4873 92
4874 92
4875 88
4876 86
4877 85
4878 89
4879 81
4880 84
4881 85
4882 81
4883 88
4884 84
4885 84
4886 87
4887 85
4888 86
4889 85
4890 86
4891 87
4892 83
4893 83
4894 82
4895 87
4896 85
4897 84
4898 86
4899 97
4900 93
4901 85
4902 85
4903 83
4904 83
4905 88
4906 89
4907 80
4908 82
4909 84
4910 85
4911 94
4912 104
4913 99
4914 97
4915 85
4916 87
4917 85
4918 83
4919 84
4920 86
4921 88
4922 86
4923 89
4924 80
4925 86
4926 94
4927 88
4928 86
4929 85
4930 87
4931 85
4932 82
4933 88
4934 84
4935 84
4936 84
4937 83
4938 83
4939 82
4940 82
4941 85
4942 90
4943 89
4944 85
4945 81
4946 82
4947 83
4948 83
4949 81
4950 81
4951 85
4952 84
4953 87
4954 86
4955 84
4956 96
4957 103
4958 99
4959 105
4960 88
4961 80
4962 83
4963 81
4964 78
4965 87
4966 84
4967 83
4968 83
4969 91
4970 84
4971 82
4972 85
4973 83
4974 81
4975 87
4976 83
4977 87
4978 81
4979 81
4980 83
4981 82
4982 97
4983 81
4984 82
4985 86
4986 81
4987 83
4988 89
4989 86
4990 81
4991 82
4992 88
4993 85
4994 85
4995 95
4996 101
4997 84
4998 83
4999 86
5000 85
5001 86
5002 89
5003 91
5004 80
5005 85
5006 83
5007 83
5008 82
5009 84
5010 83
5011 83
5012 81
5013 79
5014 80
5015 84
5016 88
5017 80
5018 84
5019 81
5020 84
5021 81
5022 83
5023 85
5024 85
5025 88
5026 83
5027 100
5028 105
5029 82
5030 93
5031 91
5032 93
5033 90
5034 92
5035 81
5036 91
5037 102
5038 93
5039 98
5040 83
5041 80
5042 83
5043 89
5044 79
5045 89
5046 81
5047 79
5048 83
5049 81
5050 80
5051 81
5052 81
5053 82
5054 85
5055 82
5056 81
5057 83
5058 81
5059 81
5060 86
5061 90
5062 88
5063 83
5064 82
5065 86
5066 86
5067 90
5068 95
5069 95
5070 86
5071 97
5072 89
5073 86
5074 90
5075 82
5076 84
5077 85
5078 88
5079 83
5080 87
5081 86
5082 83
5083 86
5084 85
5085 82
5086 86
5087 85
5088 82
5089 87
5090 79
5091 87
5092 89
5093 82
5094 82
5095 93
5096 83
5097 79
5098 86
5099 85
5100 85
5101 84
5102 87
5103 89
5104 81
5105 84
5106 81
5107 93
5108 101
5109 80
5110 94
5111 98
5112 96
5113 91
5114 89
5115 94
5116 102
5117 92
5118 85
5119 97
5120 89
5121 109
5122 121
5123 115
5124 115
5125 96
5126 89
5127 88
5128 87
5129 94
5130 88
5131 85
5132 93
5133 87
5134 89
5135 86
5136 90
5137 87
5138 85
5139 84
5140 83
5141 86
5142 90
5143 86
5144 86
5145 84
5146 90
5147 89
5148 85
5149 104
5150 87
5151 86
5152 85
5153 87
5154 115
5155 84
5156 83
5157 81
5158 81
5159 85
5160 90
5161 113
5162 83
5163 84
5164 90
5165 89
5166 92
5167 87
5168 90
5169 91
5170 87
5171 90
5172 86
5173 84
5174 84
5175 80
5176 81
5177 80
5178 83
5179 84
5180 83
5181 85
5182 79
5183 86
5184 83
5185 81
5186 83
5187 95
5188 83
5189 80
5190 81
5191 85
5192 89
5193 85
5194 84
5195 84
5196 82
5197 84
5198 83
5199 88
5200 87
5201 89
5202 91
5203 104
5204 99
5205 85
5206 85
5207 81
5208 88
5209 87
5210 86
5211 83
5212 82
5213 81
5214 82
5215 83
5216 80
5217 84
5218 81
5219 85
5220 83
5221 80
5222 84
5223 83
5224 84
5225 85
5226 89
5227 83
5228 87
5229 85
5230 93
5231 85
5232 86
5233 83
5234 85
5235 82
5236 81
5237 82
5238 85
5239 84
5240 84
5241 80
5242 101
5243 90
5244 90
5245 87
5246 84
5247 90
5248 87
5249 87
5250 87
5251 81
5252 82
5253 82
5254 80
5255 86
5256 78
5257 80
5258 84
5259 81
5260 87
5261 84
5262 78
5263 88
5264 93
5265 85
5266 85
5267 85
5268 82
5269 86
5270 82
5271 83
5272 82
5273 94
5274 89
5275 80
5276 84
5277 89
5278 85
5279 88
5280 83
5281 86
5282 89
5283 87
5284 82
5285 99
5286 101
5287 87
5288 104
5289 103
5290 104
5291 110
5292 109
5293 123
5294 106
5295 111
5296 110
5297 110
5298 116
5299 111
5300 103
5301 103
5302 107
5303 113
5304 109
5305 110
5306 105
5307 109
5308 103
5309 104
5310 101
5311 108
5312 106
5313 111
5314 106
5315 98
5316 109
5317 110
5318 108
5319 105
5320 117
5321 109
5322 103
5323 110
5324 104
5325 101
5326 109
5327 122
5328 99
5329 106
5330 104
5331 102
5332 106
5333 106
5334 107
5335 109
5336 107
5337 110
5338 108
5339 109
5340 103
5341 107
5342 105
5343 118
5344 110
5345 106
5346 109
5347 99
5348 109
5349 115
5350 111
5351 135
5352 104
5353 110
5354 117
5355 112
5356 96
5357 103
5358 109
5359 105
5360 106
5361 116
5362 111
5363 111
5364 103
5365 113
5366 103
5367 104
5368 109
5369 103
5370 110
5371 107
5372 110
5373 109
5374 104
5375 101
5376 111
5377 107
5378 103
5379 114
5380 114
5381 115
5382 113
5383 109
5384 111
5385 111
5386 100
5387 84
5388 91
5389 87
5390 83
5391 84
5392 84
5393 89
5394 90
5395 91
5396 87
5397 85
5398 86
5399 91
5400 88
5401 90
5402 87
5403 82
5404 88
5405 101
5406 89
5407 95
5408 97
5409 91
5410 87
5411 93
5412 89
5413 117
5414 92
5415 84
5416 89
5417 88
5418 88
5419 86
5420 91
5421 99
5422 94
5423 89
5424 89
5425 84
5426 88
5427 97
5428 90
5429 98
5430 91
5431 95
5432 84
5433 84
5434 87
5435 94
5436 89
5437 88
5438 91
5439 85
5440 82
5441 85
5442 85
5443 85
5444 86
5445 80
5446 84
5447 84
5448 89
5449 81
5450 83
5451 83
5452 84
5453 84
5454 100
5455 89
5456 83
5457 83
5458 88
5459 86
5460 88
5461 85
5462 91
5463 94
5464 82
5465 83
5466 89
5467 90
5468 81
5469 80
5470 84
5471 81
5472 84
5473 82
5474 83
5475 80
5476 82
5477 84
5478 83
5479 79
5480 82
5481 86
5482 86
5483 82
5484 82
5485 83
5486 84
5487 89
5488 82
5489 100
5490 90
5491 82
5492 83
5493 83
5494 83
5495 84
5496 86
5497 85
5498 87
5499 83
5500 84
5501 97
5502 84
5503 83
5504 86
5505 87
5506 87
5507 87
5508 81
5509 87
5510 88
5511 80
5512 87
5513 82
5514 86
5515 87
5516 87
5517 84
5518 86
5519 83
5520 80
5521 82
5522 96
5523 85
5524 86
5525 92
5526 82
5527 79
5528 86
5529 87
5530 93
5531 86
5532 85
5533 82
5534 82
5535 89
5536 85
5537 83
5538 81
5539 93
5540 88
5541 85
5542 87
5543 92
5544 87
5545 89
5546 90
5547 88
5548 81
5549 81
5550 84
5551 86
5552 88
5553 85
5554 89
5555 83
5556 84
5557 81
5558 88
5559 82
5560 87
5561 88
5562 87
5563 83
5564 84
5565 80
5566 97
5567 112
5568 112
5569 80
5570 88
5571 91
5572 94
5573 85
5574 100
5575 100
5576 105
5577 100
5578 104
5579 115
5580 120
5581 126
5582 109
5583 132
5584 123
5585 113
5586 107
5587 101
5588 118
5589 111
5590 118
5591 111
5592 98
5593 100
5594 131
5595 129
5596 133
5597 127
5598 133
5599 128
5600 104
5601 109
5602 128
5603 133
5604 126
5605 127
5606 165
5607 145
5608 140
5609 154
5610 135
5611 176
5612 178
5613 165
5614 149
5615 129
5616 142
5617 147
5618 139
5619 130
5620 128
5621 135
5622 128
5623 147
5624 135
5625 131
5626 131
5627 128
5628 132
5629 151
5630 146
5631 153
5632 163
5633 137
5634 168
5635 209
5636 156
5637 137
5638 169
5639 184
5640 177
5641 171
5642 155
5643 168
5644 158
5645 147
5646 170
5647 175
5648 179
5649 164
5650 214
5651 152
5652 151
5653 155
5654 160
5655 157
5656 146
5657 144
5658 163
5659 166
5660 168
5661 158
5662 164
5663 155
5664 169
5665 156
5666 200
5667 171
5668 162
5669 169
5670 176
5671 165
5672 166
5673 171
5674 159
5675 167
5676 181
5677 162
5678 198
5679 159
5680 153
5681 225
5682 156
5683 149
5684 172
5685 192
5686 165
5687 156
5688 165
5689 171
5690 176
5691 190
5692 198
5693 171
5694 150
5695 170
5696 182
5697 168
5698 149
5699 158
5700 143
5701 212
5702 204
5703 167
5704 150
5705 154
5706 153
5707 164
5708 148
5709 152
5710 170
5711 176
5712 166
5713 162
5714 211
5715 162
5716 163
5717 162
5718 161
5719 185
5720 179
5721 228
5722 161
5723 183
5724 164
5725 133
5726 216
5727 163
5728 170
5729 166
5730 146
5731 157
5732 199
5733 169
5734 187
5735 175
5736 161
5737 144
5738 182
5739 180
5740 165
5741 190
5742 175
5743 159
5744 163
5745 164
5746 167
5747 170
5748 154
5749 178
5750 155
5751 155
5752 166
5753 152
5754 158
5755 149
5756 149
5757 173
5758 167
5759 151
5760 162
5761 178
5762 186
5763 152
5764 165
5765 174
5766 134
5767 183
5768 182
5769 153
5770 161
5771 153
5772 160
5773 132
5774 142
5775 141
5776 130
5777 137
5778 138
5779 153
5780 123
5781 126
5782 143
5783 124
5784 124
5785 133
5786 161
5787 144
5788 117
5789 120
5790 115
5791 125
5792 156
5793 146
5794 136
5795 153
5796 143
5797 157
5798 147
5799 148
5800 148
5801 144
5802 138
5803 140
5804 142
5805 136
5806 141
5807 144
5808 144
5809 130
5810 142
5811 135
5812 150
5813 132
5814 130
5815 132
5816 151
5817 141
5818 143
5819 136
5820 143
5821 118
5822 142
5823 144
5824 138
5825 135
5826 134
5827 152
5828 140
5829 147
5830 143
5831 155
5832 147
5833 143
5834 145
5835 153
5836 144
5837 119
5838 128
5839 130
5840 126
5841 125
5842 137
5843 137
5844 133
5845 123
5846 124
5847 117
5848 119
5849 112
5850 115
5851 115
5852 121
5853 114
5854 121
5855 112
5856 119
5857 119
5858 116
5859 119
5860 121
5861 117
5862 122
5863 119
5864 120
5865 125
5866 149
5867 116
5868 124
5869 112
5870 123
5871 113
5872 117
5873 142
5874 112
5875 119
5876 119
5877 115
5878 113
5879 115
5880 118
5881 118
5882 133
5883 114
5884 115
5885 112
5886 116
5887 110
5888 111
5889 121
5890 123
5891 123
5892 109
5893 106
5894 113
5895 108
5896 105
5897 107
5898 106
5899 116
5900 117
5901 132
5902 105
5903 137
5904 117
5905 131
5906 106
5907 108
5908 115
5909 93
5910 102
5911 119
5912 105
5913 102
5914 99
5915 102
5916 97
5917 103
5918 99
5919 112
5920 103
5921 103
5922 105
5923 105
5924 102
5925 106
5926 102
5927 101
5928 95
5929 100
5930 104
5931 123
5932 130
5933 115
5934 113
5935 112
5936 106
5937 99
5938 94
5939 101
5940 99
5941 97
5942 96
5943 97
5944 100
5945 98
5946 109
5947 98
5948 101
5949 97
5950 97
5951 104
5952 109
5953 97
5954 103
5955 95
5956 101
5957 103
5958 102
5959 105
5960 102
5961 102
5962 97
5963 103
5964 119
5965 104
5966 108
5967 104
5968 103
5969 106
5970 108
5971 98
5972 103
5973 104
5974 95
5975 97
5976 94
5977 95
5978 94
5979 93
5980 98
5981 98
5982 100
5983 97
5984 92
5985 103
5986 112
5987 95
5988 95
5989 105
5990 100
5991 97
5992 103
5993 104
5994 92
5995 93
5996 96
5997 112
5998 92
5999 97
6000 97
6001 110
6002 111
6003 101
6004 109
6005 98
6006 100
6007 98
6008 99
6009 93
6010 100
6011 97
6012 94
6013 96
6014 103
6015 107
6016 102
6017 95
6018 101
6019 103
6020 95
6021 97
6022 98
6023 95
6024 97
6025 98
6026 100
6027 104
6028 98
6029 121
6030 105
6031 106
6032 111
6033 96
6034 116
6035 99
6036 145
6037 123
6038 125
6039 125
6040 140
6041 123
6042 122
6043 120
6044 135
6045 123
6046 130
6047 115
6048 113
6049 130
6050 101
6051 93
6052 97
6053 116
6054 111
6055 124
6056 117
6057 121
6058 121
6059 133
6060 122
6061 115
6062 122
6063 113
6064 103
6065 115
6066 102
6067 96
6068 100
6069 96
6070 98
6071 98
6072 95
6073 99
6074 94
6075 93
6076 100
6077 101
6078 99
6079 94
6080 98
6081 95
6082 99
6083 96
6084 101
6085 94
6086 98
6087 94
6088 96
6089 126
6090 122
6091 97
6092 98
6093 99
6094 104
6095 113
6096 106
6097 114
6098 125
6099 101
6100 99
6101 105
6102 97
6103 110
6104 93
6105 102
6106 101
6107 104
6108 112
6109 95
6110 93
6111 93
6112 98
6113 96
6114 104
6115 96
6116 100
6117 98
6118 99
6119 97
6120 97
6121 98
6122 100
6123 94
6124 98
6125 111
6126 100
6127 108
6128 99
6129 96
6130 98
6131 95
6132 105
6133 102
6134 124
6135 115
6136 106
6137 107
6138 112
6139 101
6140 96
6141 94
6142 89
6143 97
6144 100
6145 95
6146 93
6147 96
6148 97
6149 93
6150 97
6151 96
6152 93
6153 96
6154 93
6155 94
6156 102
6157 96
6158 96
6159 92
6160 100
6161 113
6162 105
6163 89
6164 93
6165 99
6166 108
6167 101
6168 102
6169 111
6170 114
6171 99
6172 101
6173 105
6174 108
6175 96
6176 94
6177 91
6178 93
6179 91
6180 93
6181 94
6182 99
6183 95
6184 98
6185 97
6186 96
6187 102
6188 100
6189 95
6190 95
6191 93
6192 92
6193 91
6194 93
6195 98
6196 105
6197 104
6198 103
6199 96
6200 96
6201 97
6202 98
6203 114
6204 105
6205 100
6206 97
6207 104
6208 96
6209 97
6210 96
6211 100
6212 103
6213 102
6214 98
6215 101
6216 93
6217 98
6218 103
6219 97
6220 102
6221 97
6222 97
6223 92
6224 98
6225 96
6226 97
6227 93
6228 94
6229 96
6230 101
6231 107
6232 99
6233 111
6234 111
6235 98
6236 99
6237 106
6238 99
6239 109
6240 108
6241 94
6242 100
6243 97
6244 97
6245 101
6246 99
6247 95
6248 103
6249 94
6250 98
6251 97
6252 90
6253 92
6254 93
6255 101
6256 117
6257 110
6258 114
6259 102
6260 96
6261 96
6262 95
6263 99
6264 98
6265 98
6266 98
6267 96
6268 113
6269 92
6270 98
6271 92
6272 100
6273 116
6274 93
6275 100
6276 103
6277 97
6278 96
6279 98
6280 96
6281 96
6282 95
6283 96
6284 109
6285 94
6286 95
6287 93
6288 97
6289 95
6290 95
6291 92
6292 94
6293 107
6294 106
6295 96
6296 94
6297 95
6298 96
6299 101
6300 94
6301 93
6302 92
6303 98
6304 104
6305 108
6306 96
6307 100
6308 95
6309 96
6310 97
6311 113
6312 103
6313 126
6314 98
6315 112
6316 94
6317 93
6318 92
6319 93
6320 96
6321 100
6322 96
6323 94
6324 93
6325 99
6326 99
6327 102
6328 109
6329 109
6330 96
6331 94
6332 96
6333 91
6334 95
6335 96
6336 98
6337 90
6338 96
6339 100
6340 104
6341 117
6342 98
6343 105
6344 97
6345 107
6346 100
6347 106
6348 101
6349 109
6350 100
6351 96
6352 98
6353 92
6354 94
6355 97
6356 93
6357 94
6358 97
6359 93
6360 96
6361 93
6362 107
6363 93
6364 94
6365 94
6366 107
6367 103
6368 93
6369 98
6370 100
6371 90
6372 90
6373 90
6374 88
6375 96
6376 101
6377 111
6378 93
6379 95
6380 92
6381 94
6382 93
6383 99
6384 96
6385 114
6386 95
6387 113
6388 106
6389 102
6390 95
6391 95
6392 96
6393 100
6394 94
6395 92
6396 102
6397 93
6398 91
6399 90
6400 90
6401 103
6402 109
6403 92
6404 91
6405 89
6406 93
6407 85
6408 96
6409 94
6410 91
6411 89
6412 90
6413 94
6414 95
6415 90
6416 89
6417 99
6418 109
6419 101
6420 88
6421 99
6422 107
6423 106
6424 98
6425 109
6426 119
6427 97
6428 95
6429 94
6430 93
6431 97
6432 94
6433 101
6434 94
6435 96
6436 98
6437 94
6438 100
6439 106
6440 91
6441 93
6442 96
6443 91
6444 102
6445 94
6446 88
6447 98
6448 91
6449 92
6450 110
6451 96
6452 109
6453 107
6454 98
6455 91
6456 96
6457 95
6458 102
6459 119
6460 98
6461 99
6462 95
6463 94
6464 91
6465 95
6466 98
6467 97
6468 92
6469 98
6470 96
6471 100
6472 107
6473 106
6474 114
6475 113
6476 94
6477 92
6478 102
6479 94
6480 93
6481 92
6482 92
6483 108
6484 93
6485 96
6486 96
6487 98
6488 92
6489 95
6490 92
6491 98
6492 98
6493 95
6494 100
6495 123
6496 112
6497 95
6498 96
6499 95
6500 95
6501 92
6502 97
6503 96
6504 99
6505 98
6506 92
6507 93
6508 94
6509 98
6510 90
6511 104
6512 100
6513 95
6514 96
6515 97
6516 96
6517 94
6518 92
6519 93
6520 103
6521 89
6522 94
6523 88
6524 94
6525 92
6526 95
6527 107
6528 95
6529 115
6530 117
6531 123
6532 108
6533 96
6534 98
6535 95
6536 97
6537 95
6538 94
6539 107
6540 95
6541 98
6542 92
6543 97
6544 95
6545 88
6546 94
6547 96
6548 93
6549 95
6550 95
6551 104
6552 100
6553 101
6554 106
6555 101
6556 99
6557 98
6558 111
6559 106
6560 116
6561 93
6562 111
6563 119
6564 132
6565 124
6566 99
6567 119
6568 118
6569 117
6570 124
6571 129
6572 102
6573 96
6574 96
6575 99
6576 96
6577 101
6578 94
6579 120
6580 121
6581 96
6582 92
6583 95
6584 98
6585 100
6586 94
6587 109
6588 93
6589 105
6590 91
6591 108
6592 97
6593 117
6594 113
6595 108
6596 96
6597 95
6598 111
6599 97
6600 101
6601 108
6602 122
6603 96
6604 97
6605 94
6606 98
6607 95
6608 94
6609 96
6610 95
6611 95
6612 96
6613 92
6614 93
6615 114
6616 98
6617 93
6618 95
6619 96
6620 99
6621 100
6622 97
6623 100
6624 96
6625 98
6626 109
6627 98
6628 118
6629 118
6630 113
6631 98
6632 95
6633 102
6634 130
6635 115
6636 119
6637 98
6638 96
6639 97
6640 95
6641 95
6642 93
6643 94
6644 93
6645 104
6646 93
6647 98
6648 120
6649 119
6650 92
6651 95
6652 99
6653 95
6654 98
6655 99
6656 97
6657 97
6658 98
6659 104
6660 102
6661 95
6662 114
6663 117
6664 123
6665 134
6666 125
6667 122
6668 105
6669 97
6670 120
6671 119
6672 129
6673 118
6674 117
6675 117
6676 125
6677 99
6678 91
6679 101
6680 97
6681 122
6682 95
6683 93
6684 103
6685 95
6686 95
6687 95
6688 101
6689 99
6690 96
6691 98
6692 100
6693 101
6694 99
6695 114
6696 134
6697 118
6698 105
6699 111
6700 122
6701 137
6702 115
6703 127
6704 124
6705 129
6706 115
6707 123
6708 116
6709 121
6710 125
6711 135
6712 118
6713 120
6714 121
6715 131
6716 120
6717 135
6718 124
6719 118
6720 117
6721 119
6722 125
6723 121
6724 127
6725 101
6726 114
6727 106
6728 122
6729 127
6730 119
6731 132
6732 122
6733 129
6734 124
6735 128
6736 129
6737 131
6738 121
6739 117
6740 117
6741 126
6742 126
6743 118
6744 130
6745 138
6746 122
6747 123
6748 133
6749 130
6750 119
6751 125
6752 112
6753 102
6754 125
6755 121
6756 111
6757 118
6758 119
6759 122
6760 131
6761 121
6762 135
6763 132
6764 124
6765 121
6766 124
6767 122
6768 122
6769 123
6770 117
6771 125
6772 130
6773 122
6774 116
6775 121
6776 126
6777 113
6778 120
6779 122
6780 125
6781 105
6782 105
6783 128
6784 133
6785 127
6786 120
6787 126
6788 122
6789 125
6790 115
6791 125
6792 126
6793 120
6794 125
6795 122
6796 134
6797 124
6798 115
6799 124
6800 118
6801 126
6802 115
6803 123
6804 118
6805 133
6806 110
6807 121
6808 99
6809 117
6810 120
6811 119
6812 122
6813 124
6814 129
6815 138
6816 121
6817 131
6818 119
6819 119
6820 127
6821 122
6822 121
6823 124
6824 120
6825 116
6826 137
6827 123
6828 121
6829 119
6830 121
6831 123
6832 133
6833 113
6834 123
6835 116
6836 108
6837 143
6838 121
6839 121
6840 120
6841 126
6842 127
6843 120
6844 127
6845 121
6846 120
6847 123
6848 127
6849 123
6850 125
6851 125
6852 122
6853 123
6854 124
6855 120
6856 121
6857 123
6858 123
6859 108
6860 125
6861 126
6862 112
6863 105
6864 101
6865 119
6866 116
6867 129
6868 130
6869 115
6870 133
6871 127
6872 125
6873 124
6874 124
6875 126
6876 124
6877 117
6878 125
6879 138
6880 123
6881 133
6882 114
6883 127
6884 125
6885 119
6886 118
6887 125
6888 115
6889 114
6890 114
6891 109
6892 109
6893 99
6894 118
6895 122
6896 116
6897 117
6898 127
6899 128
6900 122
6901 123
6902 121
6903 137
6904 130
6905 118
6906 114
6907 136
6908 120
6909 128
6910 120
6911 117
6912 116
6913 121
6914 126
6915 121
6916 122
6917 119
6918 115
6919 108
6920 121
6921 126
6922 120
6923 121
6924 130
6925 119
6926 128
6927 127
6928 132
6929 115
6930 116
6931 116
6932 130
6933 116
6934 129
6935 120
6936 128
6937 129
6938 119
6939 124
6940 121
6941 116
6942 116
6943 120
6944 107
6945 118
6946 124
6947 119
6948 121
6949 126
6950 120
6951 116
6952 123
6953 128
6954 119
6955 127
6956 127
6957 130
6958 127
6959 122
6960 124
6961 123
6962 126
6963 121
6964 123
6965 124
6966 128
6967 121
6968 134
6969 115
6970 127
6971 127
6972 100
6973 115
6974 125
6975 122
6976 113
6977 127
6978 124
6979 125
6980 126
6981 126
6982 116
6983 133
6984 128
6985 123
6986 122
6987 119
6988 115
6989 127
6990 122
6991 135
6992 113
6993 120
6994 118
6995 116
6996 121
6997 125
6998 123
6999 115
7000 123
7001 118
7002 120
7003 128
7004 126
7005 118
7006 122
7007 125
7008 128
7009 111
7010 130
7011 126
7012 100
7013 130
7014 122
7015 125
7016 125
7017 127
7018 123
7019 129
7020 102
7021 124
7022 122
7023 94
7024 94
7025 97
7026 103
7027 97
7028 101
7029 94
7030 98
7031 93
7032 94
7033 97
7034 98
7035 93
7036 98
7037 110
7038 93
7039 91
7040 97
7041 92
7042 89
7043 92
7044 96
7045 91
7046 93
7047 106
7048 105
7049 90
7050 92
7051 89
7052 89
7053 93
7054 90
7055 91
7056 87
7057 94
7058 95
7059 88
7060 96
7061 85
7062 91
7063 92
7064 89
7065 87
7066 89
7067 86
7068 91
7069 92
7070 89
7071 87
7072 87
7073 87
7074 89
7075 88
7076 85
7077 84
7078 99
7079 81
7080 83
7081 85
7082 84
7083 83
7084 81
7085 82
7086 82
7087 108
7088 95
7089 81
7090 81
7091 83
7092 83
7093 81
7094 85
7095 84
7096 82
7097 81
7098 85
7099 84
7100 82
7101 82
7102 84
7103 81
7104 87
7105 83
7106 81
7107 79
7108 81
7109 86
7110 84
7111 82
7112 83
7113 82
7114 80
7115 83
7116 84
7117 83
7118 78
7119 82
7120 81
7121 81
7122 91
7123 83
7124 85
7125 83
7126 85
7127 85
7128 83
7129 82
7130 83
7131 86
7132 94
7133 97
7134 83
7135 81
7136 83
7137 83
7138 79
7139 84
7140 82
7141 82
7142 82
7143 80
7144 81
7145 90
7146 84
7147 83
7148 81
7149 84
7150 85
7151 90
7152 81
7153 81
7154 84
7155 81
7156 79
7157 89
7158 84
7159 88
7160 82
7161 79
7162 80
7163 85
7164 83
7165 90
7166 87
7167 83
7168 82
7169 81
7170 86
7171 89
7172 85
7173 85
7174 91
7175 96
7176 81
7177 84
7178 87
7179 79
7180 82
7181 85
7182 84
7183 82
7184 85
7185 82
7186 85
7187 79
7188 82
7189 83
7190 79
7191 81
7192 82
7193 84
7194 82
7195 84
7196 85
7197 83
7198 84
7199 84
7200 83
7201 84
7202 85
7203 83
7204 83
7205 85
7206 84
7207 81
7208 83
7209 85
7210 83
7211 83
7212 82
7213 81
7214 86
7215 80
7216 81
7217 85
7218 89
7219 93
7220 86
7221 115
7222 86
7223 84
7224 84
7225 86
7226 85
7227 86
7228 81
7229 85
7230 84
7231 80
7232 83
7233 87
7234 85
7235 94
7236 80
7237 85
7238 83
7239 87
7240 81
7241 83
7242 79
7243 83
7244 88
7245 85
7246 85
7247 85
7248 86
7249 89
7250 88
7251 82
7252 83
7253 81
7254 80
7255 90
7256 94
7257 84
7258 84
7259 82
7260 87
7261 87
7262 94
7263 87
7264 85
7265 81
7266 88
7267 91
7268 87
7269 84
7270 87
7271 81
7272 82
7273 87
7274 82
7275 79
7276 88
7277 85
7278 85
7279 87
7280 81
7281 84
7282 87
7283 85
7284 90
7285 81
7286 85
7287 88
7288 86
7289 85
7290 83
7291 81
7292 82
7293 81
7294 77
7295 97
7296 87
7297 81
7298 86
7299 119
7300 87
7301 87
7302 87
7303 89
7304 86
7305 91
7306 85
7307 91
7308 81
7309 83
7310 82
7311 80
7312 92
7313 81
7314 79
7315 81
7316 83
7317 85
7318 85
7319 81
7320 88
7321 82
7322 81
7323 83
7324 84
7325 78
7326 88
7327 85
7328 90
7329 83
7330 85
7331 82
7332 87
7333 86
7334 86
7335 89
7336 91
7337 81
7338 91
7339 85
7340 87
7341 90
7342 79
7343 88
7344 83
7345 85
7346 85
7347 90
7348 84
7349 93
7350 83
7351 87
7352 84
7353 87
7354 83
7355 84
7356 94
7357 82
7358 86
7359 87
7360 82
7361 89
7362 83
7363 85
7364 81
7365 84
7366 92
7367 87
7368 88
7369 86
7370 87
7371 87
7372 91
7373 80
7374 81
7375 81
7376 84
7377 84
7378 90
7379 87
7380 82
7381 86
7382 85
7383 84
7384 83
7385 84
7386 87
7387 89
7388 87
7389 78
7390 96
7391 81
7392 78
7393 80
7394 86
7395 84
7396 84
7397 84
7398 78
7399 80
7400 81
7401 85
7402 84
7403 79
7404 80
7405 81
7406 84
7407 82
7408 84
7409 81
7410 79
7411 84
7412 82
7413 87
7414 89
7415 83
7416 82
7417 82
7418 117
7419 82
7420 86
7421 84
7422 81
7423 83
7424 82
7425 85
7426 81
7427 82
7428 84
7429 81
7430 86
7431 82
7432 82
7433 92
7434 86
7435 90
7436 82
7437 85
7438 85
7439 86
7440 88
7441 81
7442 87
7443 83
7444 86
7445 89
7446 86
7447 87
7448 79
7449 89
7450 89
7451 86
7452 87
7453 81
7454 85
7455 84
7456 91
7457 86
7458 87
7459 87
7460 83
7461 84
7462 93
7463 80
7464 87
7465 94
7466 83
7467 88
7468 81
7469 84
7470 79
7471 80
7472 80
7473 84
7474 87
7475 86
7476 83
7477 91
7478 81
7479 83
7480 80
7481 86
7482 85
7483 83
7484 92
7485 84
7486 83
7487 82
7488 85
7489 85
7490 84
7491 85
7492 82
7493 87
7494 81
7495 80
7496 84
7497 81
7498 83
7499 85
7500 83
7501 80
7502 87
7503 92
7504 92
7505 87
7506 85
7507 91
7508 88
7509 85
7510 85
7511 83
7512 90
7513 83
7514 79
7515 91
7516 87
7517 87
7518 83
7519 81
7520 87
7521 96
7522 82
7523 86
7524 87
7525 86
7526 82
7527 91
7528 90
7529 84
7530 80
7531 85
7532 84
7533 82
7534 84
7535 79
7536 87
7537 80
7538 82
7539 83
7540 83
7541 78
7542 83
7543 90
7544 85
7545 78
7546 83
7547 78
7548 85
7549 84
7550 111
7551 84
7552 80
7553 90
7554 82
7555 88
7556 81
7557 83
7558 83
7559 86
7560 80
7561 78
7562 81
7563 83
7564 99
7565 92
7566 83
7567 87
7568 91
7569 83
7570 81
7571 83
7572 111
7573 84
7574 86
7575 80
7576 88
7577 81
7578 86
7579 91
7580 82
7581 86
7582 84
7583 82
7584 87
7585 83
7586 85
7587 86
7588 89
7589 83
7590 90
7591 85
7592 84
7593 79
7594 84
7595 85
7596 86
7597 83
7598 80
7599 85
7600 86
7601 85
7602 87
7603 82
7604 83
7605 95
7606 84
7607 86
7608 90
7609 83
7610 91
7611 87
7612 83
7613 83
7614 82
7615 88
7616 86
7617 85
7618 83
7619 85
7620 86
7621 86
7622 81
7623 82
7624 82
7625 87
7626 79
7627 84
7628 86
7629 92
7630 86
7631 79
7632 82
7633 85
7634 88
7635 82
7636 83
7637 83
7638 103
7639 82
7640 84
7641 85
7642 85
7643 82
7644 81
7645 87
7646 91
7647 84
7648 84
7649 88
7650 87
7651 84
7652 88
7653 84
7654 85
7655 90
7656 81
7657 81
7658 88
7659 85
7660 84
7661 82
7662 85
7663 83
7664 83
7665 94
7666 96
7667 80
7668 79
7669 80
7670 84
7671 82
7672 88
7673 82
7674 84
7675 90
7676 83
7677 81
7678 84
7679 80
7680 81
7681 85
7682 86
7683 83
7684 77
7685 85
7686 80
7687 87
7688 86
7689 82
7690 82
7691 84
7692 90
7693 84
7694 83
7695 85
7696 91
7697 115
7698 83
7699 86
7700 93
7701 79
7702 88
7703 79
7704 93
7705 89
7706 81
7707 86
7708 91
7709 89
7710 82
7711 84
7712 79
7713 81
7714 80
7715 82
7716 88
7717 79
7718 84
7719 84
7720 112
7721 89
7722 88
7723 79
7724 80
7725 87
7726 80
7727 87
7728 82
7729 94
7730 87
7731 83
7732 85
7733 80
7734 88
7735 79
7736 85
7737 83
7738 84
7739 82
7740 81
7741 81
7742 80
7743 87
7744 79
7745 86
7746 86
7747 86
7748 87
7749 81
7750 82
7751 88
7752 88
7753 82
7754 89
7755 82
7756 82
7757 91
7758 85
7759 90
7760 84
7761 92
7762 87
7763 90
7764 80
7765 86
7766 83
7767 89
7768 81
7769 82
7770 84
7771 86
7772 91
7773 86
7774 84
7775 85
7776 83
7777 84
7778 85
7779 89
7780 86
7781 88
7782 81
7783 88
7784 84
7785 97
7786 82
7787 87
7788 87
7789 82
7790 86
7791 91
7792 83
7793 82
7794 90
7795 82
7796 84
7797 85
7798 86
7799 85
7800 86
7801 84
7802 83
7803 88
7804 84
7805 89
7806 87
7807 85
7808 86
7809 81
7810 88
7811 83
7812 84
7813 83
7814 84
7815 88
7816 88
7817 82
7818 80
7819 87
7820 83
7821 85
7822 90
7823 92
7824 85
7825 84
7826 83
7827 82
7828 85
7829 88
7830 78
7831 82
7832 82
7833 88
7834 88
7835 79
7836 86
7837 87
7838 89
7839 84
7840 83
7841 84
7842 85
7843 87
7844 84
7845 88
7846 84
7847 94
7848 85
7849 91
7850 81
7851 90
7852 86
7853 82
7854 95
7855 81
7856 82
7857 86
7858 86
7859 87
7860 87
7861 86
7862 92
7863 91
7864 92
7865 86
7866 84
7867 117
7868 92
7869 96
7870 95
7871 78
7872 86
7873 89
7874 82
7875 81
7876 83
7877 82
7878 86
7879 85
7880 91
7881 86
7882 86
7883 81
7884 82
7885 87
7886 82
7887 80
7888 86
7889 91
7890 86
7891 89
7892 87
7893 84
7894 86
7895 88
7896 89
7897 84
7898 85
7899 86
7900 88
7901 81
7902 89
7903 85
7904 91
7905 89
7906 79
7907 83
7908 85
7909 86
7910 82
7911 85
7912 82
7913 90
7914 88
7915 87
7916 82
7917 88
7918 86
7919 87
7920 92
7921 85
7922 80
7923 86
7924 91
7925 91
7926 81
7927 85
7928 84
7929 91
7930 97
7931 90
7932 86
7933 88
7934 94
7935 92
7936 84
7937 85
7938 91
7939 83
7940 84
7941 88
7942 82
7943 83
7944 84
7945 84
7946 81
7947 81
7948 80
7949 89
7950 82
7951 81
7952 84
7953 85
7954 85
7955 83
7956 85
7957 86
7958 83
7959 84
7960 88
7961 87
7962 86
7963 83
7964 92
7965 83
7966 82
7967 85
7968 86
7969 93
7970 86
7971 90
7972 83
7973 86
7974 86
7975 81
7976 81
7977 88
7978 84
7979 88
7980 88
7981 94
7982 78
7983 81
7984 79
7985 81
7986 89
7987 84
7988 90
7989 83
7990 81
7991 93
7992 99
7993 87
7994 86
7995 90
7996 88
7997 106
7998 88
7999 90
8000 82
8001 87
8002 79
8003 83
8004 89
8005 82
8006 89
8007 89
8008 88
8009 89
8010 83
8011 85
8012 85
8013 88
8014 86
8015 86
8016 84
8017 81
8018 85
8019 83
8020 85
8021 81
8022 83
8023 85
8024 85
8025 79
8026 83
8027 83
8028 85
8029 80
8030 85
8031 86
8032 89
8033 84
8034 81
8035 87
8036 82
8037 86
8038 82
8039 91
8040 90
8041 84
8042 89
8043 90
8044 82
8045 92
8046 83
8047 81
8048 82
8049 84
8050 83
8051 83
8052 81
8053 84
8054 80
8055 83
8056 82
8057 81
8058 91
8059 80
8060 79
8061 84
8062 84
8063 80
8064 83
8065 86
8066 85
8067 85
8068 79
8069 87
8070 80
8071 117
8072 83
8073 95
8074 84
8075 79
8076 83
8077 87
8078 86
8079 87
8080 85
8081 92
8082 83
8083 90
8084 81
8085 86
8086 84
8087 82
8088 94
8089 80
8090 89
8091 83
8092 83
8093 87
8094 88
8095 82
8096 81
8097 109
8098 82
8099 84
8100 86
8101 86
8102 84
8103 80
8104 84
8105 85
8106 84
8107 88
8108 83
8109 85
8110 86
8111 84
8112 82
8113 85
8114 83
8115 91
8116 82
8117 85
8118 82
8119 82
8120 81
8121 86
8122 91
8123 83
8124 86
8125 85
8126 110
8127 90
8128 86
8129 86
8130 84
8131 84
8132 83
8133 90
8134 85
8135 82
8136 82
8137 82
8138 84
8139 82
8140 82
8141 85
8142 82
8143 86
8144 82
8145 80
8146 78
8147 85
8148 81
8149 87
8150 83
8151 87
8152 82
8153 82
8154 83
8155 87
8156 84
8157 86
8158 79
8159 88
8160 87
8161 84
8162 87
8163 81
8164 83
8165 83
8166 80
8167 79
8168 83
8169 85
8170 83
8171 83
8172 88
8173 87
8174 88
8175 84
8176 86
8177 80
8178 93
8179 82
8180 85
8181 88
8182 85
8183 91
8184 81
8185 85
8186 78
8187 87
8188 84
8189 78
8190 84
8191 84
8192 86
8193 82
8194 86
8195 88
8196 82
8197 83
8198 89
8199 79
8200 83
8201 83
8202 84
8203 86
8204 80
8205 87
8206 92
8207 82
8208 83
8209 83
8210 81
8211 82
8212 83
8213 81
8214 85
8215 85
8216 80
8217 80
8218 82
8219 86
8220 82
8221 85
8222 83
8223 83
8224 80
8225 81
8226 83
8227 80
8228 85
8229 79
8230 85
8231 82
8232 84
8233 81
8234 89
8235 112
8236 80
8237 83
8238 84
8239 82
8240 88
8241 85
8242 79
8243 93
8244 82
8245 83
8246 85
8247 80
8248 90
8249 92
8250 83
8251 81
8252 79
8253 92
8254 83
8255 83
8256 93
8257 83
8258 87
8259 93
8260 80
8261 86
8262 91
8263 86
8264 89
8265 85
8266 84
8267 84
8268 83
8269 84
8270 87
8271 90
8272 87
8273 89
8274 84
8275 81
8276 92
8277 80
8278 84
8279 85
8280 83
8281 87
8282 84
8283 96
8284 85
8285 79
8286 89
8287 99
8288 79
8289 91
8290 84
8291 92
8292 94
8293 84
8294 86
8295 81
8296 86
8297 80
8298 85
8299 83
8300 90
8301 83
8302 82
8303 95
8304 94
8305 85
8306 80
8307 87
8308 92
8309 82
8310 83
8311 85
8312 84
8313 83
8314 81
8315 84
8316 85
8317 83
8318 78
8319 90
8320 83
8321 85
8322 86
8323 86
8324 92
8325 79
8326 88
8327 90
8328 90
8329 82
8330 82
8331 82
8332 96
8333 83
8334 88
8335 92
8336 86
8337 87
8338 85
8339 85
8340 85
8341 82
8342 85
8343 79
8344 84
8345 84
8346 84
8347 92
8348 86
8349 89
8350 84
8351 83
8352 82
8353 82
8354 94
8355 79
8356 85
8357 84
8358 83
8359 90
8360 85
8361 87
8362 85
8363 86
8364 85
8365 79
8366 87
8367 82
8368 80
8369 82
8370 86
8371 81
8372 87
8373 84
8374 90
8375 82
8376 88
8377 82
8378 89
8379 82
8380 87
8381 83
8382 82
8383 81
8384 83
8385 84
8386 90
8387 82
8388 91
8389 82
8390 85
8391 85
8392 85
8393 82
8394 87
8395 86
8396 84
8397 87
8398 85
8399 86
8400 83
8401 80
8402 92
8403 85
8404 86
8405 86
8406 82
8407 89
8408 82
8409 82
8410 81
8411 83
8412 80
8413 84
8414 78
8415 85
8416 81
8417 83
8418 87
8419 84
8420 90
8421 81
8422 83
8423 80
8424 86
8425 85
8426 86
8427 79
8428 103
8429 86
8430 88
8431 92
8432 85
8433 81
8434 84
8435 82
8436 94
8437 83
8438 83
8439 86
8440 79
8441 79
8442 84
8443 88
8444 87
8445 85
8446 86
8447 87
8448 82
8449 96
8450 107
8451 83
8452 94
8453 81
8454 84
8455 87
8456 92
8457 81
8458 84
8459 82
8460 86
8461 101
8462 96
8463 101
8464 108
8465 88
8466 84
8467 87
8468 84
8469 94
8470 85
8471 88
8472 88
8473 87
8474 82
8475 86
8476 83
8477 91
8478 82
8479 84
8480 81
8481 86
8482 95
8483 115
8484 118
8485 108
8486 101
8487 107
8488 107
8489 97
8490 112
8491 103
8492 105
8493 103
8494 85
8495 84
8496 85
8497 81
8498 87
8499 81
8500 102
8501 103
8502 91
8503 85
8504 80
8505 85
8506 85
8507 92
8508 93
8509 92
8510 85
8511 82
8512 82
8513 85
8514 85
8515 97
8516 82
8517 85
8518 83
8519 80
8520 86
8521 84
8522 84
8523 83
8524 85
8525 91
8526 84
8527 84
8528 81
8529 85
8530 82
8531 80
8532 84
8533 83
8534 86
8535 83
8536 82
8537 80
8538 82
8539 83
8540 82
8541 99
8542 98
8543 92
8544 111
8545 108
8546 84
8547 88
8548 91
8549 95
8550 97
8551 97
8552 89
8553 92
8554 92
8555 96
8556 92
8557 90
8558 89
8559 101
8560 91
8561 95
8562 100
8563 105
8564 111
8565 115
8566 105
8567 105
8568 115
8569 101
8570 105
8571 102
8572 99
8573 94
8574 97
8575 101
8576 96
8577 111
8578 124
8579 123
8580 129
8581 98
8582 107
8583 111
8584 97
8585 95
8586 99
8587 99
8588 107
8589 94
8590 96
8591 104
8592 100
8593 100
8594 96
8595 92
8596 97
8597 108
8598 104
8599 93
8600 111
8601 109
8602 97
8603 93
8604 96
8605 96
8606 98
8607 96
8608 99
8609 104
8610 105
8611 111
8612 109
8613 113
8614 100
8615 107
8616 99
8617 103
8618 99
8619 98
8620 98
8621 99
8622 105
8623 99
8624 94
8625 99
8626 105
8627 94
8628 96
8629 105
8630 103
8631 93
8632 104
8633 97
8634 92
8635 99
8636 99
8637 96
8638 100
8639 104
8640 98
8641 95
8642 93
8643 98
8644 103
8645 100
8646 106
8647 108
8648 107
8649 109
8650 109
8651 93
8652 95
8653 93
8654 98
8655 101
8656 94
8657 95
8658 94
8659 102
8660 100
8661 93
8662 97
8663 104
8664 103
8665 105
8666 98
8667 94
8668 95
8669 103
8670 99
8671 98
8672 100
8673 111
8674 99
8675 93
8676 87
8677 93
8678 91
8679 88
8680 89
8681 96
8682 117
8683 99
8684 94
8685 98
8686 116
8687 127
8688 113
8689 121
8690 125
8691 117
8692 124
8693 96
8694 96
8695 100
8696 124
8697 100
8698 95
8699 97
8700 97
8701 96
8702 90
8703 93
8704 90
8705 94
8706 93
8707 91
8708 94
8709 101
8710 93
8711 105
8712 92
8713 90
8714 85
8715 87
8716 141
8717 104
8718 105
8719 96
8720 94
8721 94
8722 113
8723 92
8724 98
8725 94
8726 94
8727 110
8728 98
8729 98
8730 100
8731 102
8732 101
8733 95
8734 96
8735 98
8736 107
8737 95
8738 94
8739 93
8740 88
8741 95
8742 94
8743 91
8744 88
8745 92
8746 100
8747 88
8748 92
8749 95
8750 95
8751 93
8752 94
8753 92
8754 105
8755 92
8756 101
8757 87
8758 89
8759 97
8760 92
8761 117
8762 88
8763 87
8764 90
8765 93
8766 92
8767 87
8768 87
8769 88
8770 83
8771 86
8772 87
8773 86
8774 84
8775 89
8776 83
8777 97
8778 91
8779 88
8780 91
8781 87
8782 87
8783 88
8784 91
8785 88
8786 94
8787 85
8788 83
8789 90
8790 81
8791 84
8792 82
8793 83
8794 81
8795 90
8796 84
8797 90
8798 86
8799 81
8800 88
8801 84
8802 80
8803 90
8804 82
8805 88
8806 86
8807 83
8808 80
8809 87
8810 82
8811 87
8812 79
8813 84
8814 93
8815 86
8816 86
8817 84
8818 85
8819 83
8820 86
8821 85
8822 88
8823 91
8824 80
8825 80
8826 86
8827 88
8828 91
8829 87
8830 88
8831 90
8832 83
8833 94
8834 87
8835 83
8836 86
8837 83
8838 83
8839 88
8840 85
8841 83
8842 86
8843 91
8844 84
8845 81
8846 91
8847 86
8848 84
8849 84
8850 86
8851 82
8852 86
8853 84
8854 88
8855 84
8856 82
8857 80
8858 89
8859 85
8860 88
8861 85
8862 82
8863 94
8864 78
8865 85
8866 84
8867 91
8868 83
8869 83
8870 84
8871 84
8872 83
8873 82
8874 82
8875 83
8876 84
8877 88
8878 86
8879 90
8880 85
8881 90
8882 91
8883 87
8884 91
8885 82
8886 99
8887 82
8888 83
8889 89
8890 90
8891 83
8892 102
8893 90
8894 94
8895 89
8896 88
8897 89
8898 83
8899 91
8900 89
8901 92
8902 82
8903 82
8904 83
8905 85
8906 84
8907 87
8908 84
8909 84
8910 82
8911 83
8912 79
8913 86
8914 82
8915 79
8916 83
8917 85
8918 81
8919 81
8920 82
8921 82
8922 80
8923 85
8924 85
8925 86
8926 95
8927 85
8928 81
8929 112
8930 85
8931 88
8932 84
8933 85
8934 79
8935 87
8936 80
8937 82
8938 80
8939 88
8940 83
8941 83
8942 84
8943 83
8944 79
8945 82
8946 82
8947 79
8948 85
8949 87
8950 82
8951 83
8952 85
8953 80
8954 92
8955 84
8956 86
8957 92
8958 84
8959 82
8960 85
8961 81
8962 86
8963 79
8964 85
8965 90
8966 85
8967 86
8968 89
8969 84
8970 90
8971 87
8972 85
8973 83
8974 115
8975 104
8976 105
8977 102
8978 106
8979 107
8980 117
8981 108
8982 112
8983 108
8984 104
8985 107
8986 107
8987 110
8988 102
8989 109
8990 110
8991 107
8992 116
8993 117
8994 111
8995 105
8996 107
8997 114
8998 104
8999 107
9000 102
9001 105
9002 115
9003 102
9004 103
9005 106
9006 113
9007 108
9008 108
9009 109
9010 106
9011 106
9012 104
9013 110
9014 109
9015 102
9016 107
9017 104
9018 104
9019 102
9020 106
9021 110
9022 112
9023 112
9024 109
9025 103
9026 108
9027 112
9028 101
9029 110
9030 106
9031 99
9032 106
9033 106
9034 100
9035 99
9036 107
9037 100
9038 85
9039 88
9040 92
9041 88
9042 87
9043 86
9044 131
9045 129
9046 116
9047 123
9048 114
9049 116
9050 112
9051 113
9052 115
9053 108
9054 114
9055 122
9056 112
9057 113
9058 117
9059 120
9060 116
9061 124
9062 119
9063 114
9064 95
9065 96
9066 117
9067 92
9068 101
9069 94
9070 98
9071 106
9072 95
9073 95
9074 98
9075 98
9076 96
9077 99
9078 111
9079 96
9080 95
9081 95
9082 97
9083 97
9084 95
9085 98
9086 98
9087 99
9088 99
9089 93
9090 99
9091 95
9092 98
9093 102
9094 96
9095 93
9096 103
9097 100
9098 100
9099 98
9100 93
9101 98
9102 103
9103 99
9104 96
9105 99
9106 93
9107 102
9108 100
9109 93
9110 102
9111 99
9112 101
9113 102
9114 88
9115 96
9116 94
9117 97
9118 99
9119 95
9120 90
9121 102
9122 97
9123 91
9124 97
9125 97
9126 89
9127 98
9128 88
9129 91
9130 89
9131 110
9132 92
9133 91
9134 92
9135 109
9136 95
9137 101
9138 92
9139 99
9140 86
9141 92
9142 89
9143 93
9144 90
9145 93
9146 95
9147 87
9148 92
9149 102
9150 94
9151 92
9152 97
9153 87
9154 97
9155 90
9156 96
9157 95
9158 99
9159 91
9160 91
9161 94
9162 88
9163 105
9164 101
9165 90
9166 100
9167 93
9168 94
9169 84
9170 86
9171 98
9172 88
9173 90
9174 97
9175 90
9176 86
9177 90
9178 84
9179 98
9180 82
9181 85
9182 98
9183 91
9184 90
9185 86
9186 93
9187 95
9188 89
9189 85
9190 87
9191 92
9192 88
9193 89
9194 87
9195 82
9196 87
9197 102
9198 90
9199 83
9200 82
9201 86
9202 87
9203 93
9204 83
9205 86
9206 86
9207 81
9208 89
9209 85
9210 82
9211 86
9212 86
9213 91
9214 84
9215 102
9216 97
9217 84
9218 84
9219 82
9220 87
9221 96
9222 82
9223 84
9224 81
9225 86
9226 89
9227 90
9228 81
9229 83
9230 80
9231 87
9232 82
9233 86
9234 83
9235 82
9236 83
9237 85
9238 80
9239 80
9240 80
9241 83
9242 84
9243 99
9244 79
9245 85
9246 88
9247 81
9248 84
9249 85
9250 84
9251 84
9252 81
9253 115
9254 84
9255 83
9256 85
9257 85
9258 103
9259 100
9260 89
9261 82
9262 81
9263 83
9264 82
9265 94
9266 83
9267 83
9268 90
9269 81
9270 89
9271 81
9272 79
9273 85
9274 78
9275 84
9276 82
9277 81
9278 86
9279 80
9280 87
9281 82
9282 84
9283 83
9284 81
9285 82
9286 81
9287 85
9288 83
9289 79
9290 82
9291 80
9292 89
9293 87
9294 87
9295 82
9296 79
9297 82
9298 83
9299 95
9300 106
9301 87
9302 86
9303 85
9304 87
9305 83
9306 81
9307 94
9308 83
9309 95
9310 83
9311 89
9312 82
9313 83
9314 84
9315 80
9316 83
9317 83
9318 82
9319 83
9320 88
9321 98
9322 91
9323 82
9324 87
9325 84
9326 79
9327 84
9328 85
9329 84
9330 81
9331 80
9332 79
9333 78
9334 85
9335 82
9336 79
9337 82
9338 88
9339 86
9340 83
9341 85
9342 84
9343 103
9344 103
9345 101
9346 117
9347 122
9348 105
9349 87
9350 90
9351 94
9352 106
9353 92
9354 107
9355 91
9356 94
9357 93
9358 93
9359 94
9360 92
9361 99
9362 99
9363 96
9364 91
9365 88
9366 87
9367 92
9368 90
9369 90
9370 90
9371 87
9372 89
9373 105
9374 84
9375 95
9376 92
9377 97
9378 109
9379 94
9380 92
9381 109
9382 108
9383 106
9384 152
9385 112
9386 103
9387 90
9388 96
9389 100
9390 98
9391 98
9392 103
9393 103
9394 96
9395 97
9396 96
9397 93
9398 95
9399 99
9400 99
9401 98
9402 92
9403 98
9404 91
9405 95
9406 95
9407 94
9408 90
9409 91
9410 95
9411 90
9412 96
9413 95
9414 97
9415 101
9416 120
9417 99
9418 99
9419 99
9420 98
9421 94
9422 93
9423 93
9424 96
9425 93
9426 94
9427 96
9428 93
9429 93
9430 105
9431 93
9432 90
9433 97
9434 95
9435 91
9436 94
9437 92
9438 88
9439 95
9440 103
9441 86
9442 92
9443 91
9444 94
9445 95
9446 92
9447 88
9448 92
9449 90
9450 102
9451 91
9452 88
9453 87
9454 86
9455 108
9456 86
9457 85
9458 103
9459 89
9460 92
9461 90
9462 90
9463 125
9464 89
9465 92
9466 87
9467 90
9468 96
9469 97
9470 94
9471 88
9472 87
9473 90
9474 86
9475 95
9476 90
9477 101
9478 88
9479 87
9480 87
9481 85
9482 99
9483 91
9484 98
9485 84
9486 91
9487 110
9488 83
9489 84
9490 83
9491 81
9492 80
9493 79
9494 107
9495 99
9496 81
9497 90
9498 85
9499 87
9500 83
9501 83
9502 112
9503 106
9504 104
9505 115
9506 113
9507 111
9508 85
9509 80
9510 87
9511 85
9512 87
9513 82
9514 83
9515 84
9516 83
9517 84
9518 85
9519 84
9520 81
9521 80
9522 81
9523 86
9524 87
9525 81
9526 90
9527 81
9528 88
9529 88
9530 128
9531 83
9532 85
9533 83
9534 82
9535 90
9536 90
9537 84
9538 87
9539 83
9540 95
9541 83
9542 87
9543 79
9544 82
9545 86
9546 87
9547 86
9548 81
9549 84
9550 82
9551 84
9552 82
9553 87
9554 84
9555 84
9556 83
9557 84
9558 80
9559 110
9560 102
9561 82
9562 83
9563 82
9564 84
9565 89
9566 86
9567 81
9568 83
9569 80
9570 80
9571 83
9572 79
9573 86
9574 87
9575 83
9576 85
9577 98
9578 96
9579 104
9580 80
9581 84
9582 85
9583 80
9584 87
9585 83
9586 83
9587 84
9588 80
9589 80
9590 86
9591 85
9592 81
9593 88
9594 85
9595 86
9596 82
9597 85
9598 82
9599 84
9600 89
9601 84
9602 89
9603 88
9604 82
9605 81
9606 81
9607 82
9608 88
9609 81
9610 82
9611 82
9612 77
9613 82
9614 101
9615 82
9616 83
9617 86
9618 85
9619 82
9620 84
9621 87
9622 85
9623 98
9624 83
9625 84
9626 80
9627 89
9628 81
9629 91
9630 82
9631 84
9632 81
9633 81
9634 82
9635 79
9636 83
9637 82
9638 90
9639 80
9640 81
9641 84
9642 83
9643 83
9644 80
9645 85
9646 86
9647 90
9648 84
9649 80
9650 78
9651 86
9652 80
9653 84
9654 84
9655 83
9656 78
9657 83
9658 84
9659 96
9660 84
9661 83
9662 84
9663 92
9664 101
9665 85
9666 85
9667 102
9668 81
9669 84
9670 82
9671 79
9672 85
9673 85
9674 84
9675 83
9676 87
9677 83
9678 82
9679 83
9680 84
9681 83
9682 87
9683 82
9684 85
9685 86
9686 80
9687 78
9688 81
9689 82
9690 82
9691 86
9692 83
9693 85
9694 81
9695 80
9696 82
9697 87
9698 83
9699 83
9700 83
9701 84
9702 85
9703 93
9704 82
9705 88
9706 80
9707 82
9708 97
9709 90
9710 81
9711 81
9712 84
9713 84
9714 84
9715 82
9716 88
9717 83
9718 83
9719 87
9720 81
9721 83
9722 81
9723 89
9724 81
9725 83
9726 83
9727 83
9728 84
9729 85
9730 83
9731 83
9732 81
9733 85
9734 95
9735 82
9736 81
9737 85
9738 84
9739 86
9740 79
9741 85
9742 93
9743 80
9744 84
9745 86
9746 80
9747 83
9748 88
9749 81
9750 84
9751 83
9752 81
9753 85
9754 96
9755 81
9756 86
9757 84
9758 82
9759 82
9760 91
9761 82
9762 81
9763 88
9764 84
9765 83
9766 85
9767 84
9768 83
9769 85
9770 85
9771 80
9772 83
9773 81
9774 80
9775 85
9776 82
9777 81
9778 94
9779 82
9780 86
9781 115
9782 89
9783 84
9784 85
9785 83
9786 85
9787 87
9788 87
9789 86
9790 83
9791 83
9792 80
9793 90
9794 85
9795 90
9796 83
9797 85
9798 83
9799 84
9800 83
9801 83
9802 85
9803 81
9804 82
9805 80
9806 81
9807 86
9808 84
9809 81
9810 83
9811 86
9812 80
9813 84
9814 84
9815 84
9816 86
9817 83
9818 85
9819 79
9820 88
9821 82
9822 81
9823 85
9824 83
9825 85
9826 77
9827 85
9828 79
9829 82
9830 83
9831 79
9832 79
9833 85
9834 86
9835 80
9836 85
9837 83
9838 85
9839 89
9840 83
9841 92
9842 90
9843 90
9844 84
9845 89
9846 82
9847 86
9848 87
9849 90
9850 82
9851 85
9852 88
9853 83
9854 84
9855 85
9856 89
9857 83
9858 87
9859 83
9860 77
9861 86
9862 82
9863 82
9864 84
9865 81
9866 88
9867 97
9868 85
9869 79
9870 80
9871 89
9872 88
9873 88
9874 82
9875 82
9876 85
9877 85
9878 82
9879 79
9880 82
9881 93
9882 86
9883 82
9884 85
9885 85
9886 87
9887 87
9888 84
9889 81
9890 82
9891 86
9892 89
9893 86
9894 85
9895 88
9896 90
9897 81
9898 79
9899 87
9900 79
9901 86
9902 87
9903 88
9904 90
9905 87
9906 85
9907 84
9908 88
9909 85
9910 90
9911 80
9912 86
9913 85
9914 86
9915 84
9916 88
9917 83
9918 83
9919 83
9920 86
9921 86
9922 88
9923 81
9924 86
9925 88
9926 92
9927 89
9928 95
9929 84
9930 83
9931 85
9932 86
9933 93
9934 81
9935 85
9936 82
9937 79
9938 82
9939 93
9940 84
9941 84
9942 82
9943 86
9944 86
9945 91
9946 83
9947 89
9948 89
9949 82
9950 82
9951 85
9952 88
9953 84
9954 88
9955 88
9956 91
9957 87
9958 81
9959 84
9960 89
9961 85
9962 86
9963 94
9964 85
9965 87
9966 86
9967 86
9968 81
9969 86
9970 93
9971 85
9972 88
9973 87
9974 88
9975 85
9976 86
9977 84
9978 82
9979 82
9980 82
9981 82
9982 82
9983 82
9984 83
9985 92
9986 90
9987 95
9988 85
9989 89
9990 86
9991 82
9992 89
9993 92
9994 86
9995 85
9996 92
9997 84
9998 87
9999 84
10000 81
