[ 60  22 399 767 506 288 973 907 717 683]
[567 473 406 330 554 231 364 335 106 641]
[177 363 101 854 429 699   2 667  32 954]
[207 990 635 679 382 969 796 837 609 920]
[931   3 659 619 875  98 990 480 896 112]
[771  86 389 463  40 941 965 589 764 799]
[178 764 574 140 448 505 708   3 462 633]
[637  19  50  45 302 513 790 908 937 508]
[237 290 878 917  42 423 600  98 802 937]
[787 706 571 958 112 699 356 705 663 558]
[340 678 182  18 809  72 641 256 249 338]
[ 91 961 264 555 327 778 636 877 746 946]
[406 540 935 793 380 830 553 428 630 114]
[ 95 204 623  54 808 920 718 895 530 809]
[172 583 937  36 178 365 220 247  29  70]
[523 957 102 994 971 934 542 789 342 177]
[331 868 782 762 240   9 716 783 124 928]
[105 356 842 395 187 113 866 285 266 663]
[886 144 630 567 696 372   2 537 744 451]
[922 945 910 696 691 320 768 502 615 105]
[460 659 549 271 535 188 746 665 607 447]
[ 70 461  68 434 139 709 411 213 188 728]
[693 394 700 261 210 283 968  55 184 437]
[813 995 690  49 215 630  63 192 958 390]
[173 452 427 701  59 739 744 977 132 971]
[806 138 540 210 387 782 912 917 286 743]
[542 158 548  96  76  92 171 533 362 672]
[216 552  15 285  54 178 926 692 137 510]
[251 989 185 588 639 470 105 247 845 930]
[615 422 395 428 232 495 325  99 953 641]
[351 542 959 490 835 676 958 911 251 130]
[177 739 210 479 616 445 784 683  52 548]
[821 688 618 353 789 348 469 599 315 863]
[485 633 490 879 870 484 363 498 728 576]
[330   3 284 555 277 208 107 219 248 444]
[518 165 212 331 185 561 523 844 287 785]
[546 146 698 105 694 800 931 198  60  37]
[483 579 758 467  69 540 408 389 746 830]
[558 330 916 774 397 998 457 645 780 296]
[936 445 870 885  71 632 334 241  74 795]
[365 504 496 103 938 609 673 710 729 692]
[884 886 365 450 552 743 874 339 133 106]
[699 983 233 398 643 100  51  30 213 262]
[847 179 999 542 148 896 634 639 555 853]
[231 942 795 872 828 793 464 454 580  50]
[115 163 703 657 266 360 379 279 561 793]
[734 418 799 264 561 892 934 854 541 168]
[ 18 316 688 297 568 431 775 524 695 739]
[ 46 853  22 336 436 101 664 223 640 680]
[ 35  90 271 940 354 572 754  54 404 566]
[951 727  77 128 426 774 367 411 623 966]
[ 26 843 270  32 133 877 370 605 318 854]
[393  88 565 105 388 623 786 777 342 653]
[193 312 603 850 127 253 337 593 631 898]
[585 733 810 173 665 343 922 470 977 536]
[735 508 254 794  40  17 943 896 144 928]
[655 830 617 217 189 894 990 629 829 491]
[ 30 728 827 449 396 400  77 500 849 885]
[649 102 148 214 746 329 810 501 918 867]
[915 837 299  23 597 376 113 703 885 998]
[ 50 250 550 912  18 245 118 497 288 109]
[270 147 455  79 643 204 650 546 555 620]
[156 214 697 386 242 673 607 127 546 619]
[820 826  24  52 156 785 353 917 527 932]
[450 564 403 761 220 454 557 645 695 336]
[503 193 673 415  15 919 968  26  99 245]
[122 810 727 789 806 924 327 231  34 698]
[105 345  58 146 926 389  87 482 442 305]
[374  99 948 202 710 123 700 626 452 724]
[782 224  58 488 681 260   9 202 153 714]
[962 549 815 785 649 499 134 260 630 140]
[338 462 981 996 623 940 945 623 739 241]
[507 666 582 563  68 605 477 600 659 216]
[912 891 113 329 202 916 169 160 939 959]
[292 720  25 776 396  54 874 994  48 956]
[310  98 117 748 870 171 836 821 140  75]
[625 168 215 698  36  62 869  39  98 914]
[548  23 498  25  83  19 588 151 970 968]
[345 415 498 245 419 531 489 359 666 765]
[401 874 160 187 278 321  21 502 779 696]
[822 282 234 356 964 333 665 347 311 298]
[961 996 410 655  83 658 342 279 508 660]
[220 123 870 107 786 876 351 295 288 271]
[402 558 482 958 790 108 288 925 629 560]
[890 297 798 253 527 362 563 219 983 843]
[893 872  12 869 772 120 773 839 296 652]
[130 491  78 700 178 610 647 845 315 635]
[958 203 799  84 605 373 815 902 599 744]
[245  10 893 997 320 777 453 967  63 296]
[823 154  82 444 478 983 754 938 230 338]
[183 648 346  36 331 901 258 459 949 480]
[564 391 431 940  25 664 699 964 857 995]
[ 58  39 412 884 844 312 377 776 320 482]
[ 21 480 980 342 490 633 351 289 433 350]
[287 934 286 555 282 705 296 232 590 966]
[316 616 588 989 810  55 783 619 167 988]
[877  27  79 995 937 211 955 734 154 793]
[768  79 155 449 419 246  25 349 360 109]
[321 886 214 258 432  63 105 432 721 906]
[184 842  57 588 572  50 356 167 728 867]
[631 741 884 706 752 390 581  18 645 730]
[931  81 362 802 534 263  84 840  99 168]
[552 312 279  16 268 553  53 264  72 654]
[ 97 725 447 241 291 925 707  85 820  57]
[905 218 224 447 174 988 339  70 594 481]
[159 526 122 292 215 492 566   9 369 303]
[104 934 371 379 698 909 634 591 324 315]
[549 777 157 950 312 895  68 375 740 130]
[312 708 661 302 317 983 654  86 702 350]
[246 951 684  83 383 319 654 305 268 136]
[874 154 129  16 296 199 274 896  43 412]
[474 600  96 707 829 706 631 658 713 679]
[428 255 844 197 738 973 367 552 513 909]
[314 554 524  39 236 158  29 428 669 878]
[123 841 598 413 690 712 850 119 762 764]
[772 730 250  14 422   1 774 348 717 162]
[801 504 363 284 272 929   8 933 618 274]
[126 655 797  82 886 413 792 713 145 180]
[152 962 511 303  28  35 236 678 263 614]
[196 341 962 946 685 975 726 104 545 437]
[ 38 879 990 709  99 495 390  12 499 575]
[666  76 223 433 416  96 159 494 345 753]
[727  29 527 846  83 338 796 737 174 314]
[324 221 490  63 570 803 402  59 740 524]
[221 479 268 927 357 273 483 931 705 683]
[499 263  90 648 728 141 331  70 301  58]
[ 65 918 400 107 135 340  41 779 885 141]
[554 260  24 839 723 852 636 124 387 580]
[684 786 523   7 500 891 921 408 145 631]
[249 516 436 774 738 764 219 147 312 542]
[511 910   0 560 892 536 167 728 455 689]
[378 109 115 684 527 872 874 831 399 666]
[272 851 459 146 236 584 877 987 689 649]
[877 811 577 378 261 649  37 761 474 477]
[192 227 751 793 929 201 793 593 166 748]
[966 234 841 783 962  37 235 802 401 890]
[605 147  45 381 318 679  53 444 654 706]
[375 831 347 624   8 448 314 311 894 310]
[402 652  20 376 870 329 521 898 316 733]
[523 298 244 270 867 292 408  63 754 171]
[695 536 318  14 536 572 235  57 371 653]
[353  98 439 718 216 312 426  30 362 802]
[560  52 509 797 164 350 269 978 951 188]
[312 935 816 154 490 975 244  10 910 247]
[871 445 668 958 969 746 751 379 831 772]
[932 519 891 344 618  57 994 169  92 794]
[714 818 752 365 805 400 897  86 605 906]
[203 257 221 613 429  34 715 650 675 813]
[245 293 583 818 483 508 286 561 507 875]
[276 651 851 197  83 240 670  81 273 467]
[174 423 359 241 712 237 523 363 172 940]
[849 282 168 621 127 614  16 976 598 599]
[162 484 228 565  83 634 261 233 696 825]
[662 264 488 835 755 221   6 635 908 828]
[945 917  25 671 332 433 775 802  13 548]
[845  15 520 719 606 707 920 918 882 311]
[124 453 653 839 833 309 244 502 458 895]
[779 798 732 427 214  62 506 845  61 872]
[ 78 625 598  24 222 328 297 974 172 972]
[495 947  97 945 877  75  27 464 142  29]
[ 69 394  99 123 625 841 168  63 986 165]
[312 191 157 860 956 227 589 527 317 568]
[898 986  31 906 690 285 203 128 529 853]
[839 396 639 469  51 894 264 673 160 832]
[904 804 506 357 352 840 593 640 657 918]
[141 158 812 140 213  63 114 623 515 454]
[441 273 780 759 907 112 547 359  50 109]
[224 446 164 853 961 221  33 867 100 723]
[806 537 271 313 444  17 956 488 473 378]
[603 836 459 422 285 639 932 435 386 236]
[707 544 306 153 953 229 940 666 916 587]
[662 513  45 404 533 239 363 607 494 637]
[520 861 752 443 679 362 692 863 376 370]
[ 15 793 538 638 271 499 725 831 992 259]
[229 246 801 749 245 869 538 467 124 422]
[503  35 598 694 467 133 502 109 566 343]
[919 619 820 676 896 851 615 409 276 239]
[715 393 112 813 152 482 230 320 754 640]
[712  29 111 470 781  96 137 795 364 867]
[874 278 771 773 496 859 156  39 672  34]
[466 761 419 591  79 580 222 875 601 236]
[419 806 580 383 466 698 667  61  17 312]
[272 515 440 460 965 611 954 613 274 676]
[228 173 160 795 447 502 605  92 786 403]
[417 710 405 813 966 547 732 408 884 830]
[ 97 645 613 642 852 509  86 642 223 795]
[959 534 552  33 463 480 521 723 675 660]
[363 907 865 484 943 154 728 462 864 894]
[820 514 844 553 289  22 184 504 495 228]
[879 939 343 458 296   7 480 999  89 305]
[482 528 707 681 183   9 365 338  45 680]
[881 453 729 895 951 822 762 917 712 462]
[107 293 487 375 564 959 930 921 311  96]
[701 442 892 730 379 751 261 368 876 887]
[401 983   9 697 104 211 768 877 489 973]
[180 363 488 399 944 900 163 600 695 962]
[134 195 748 557 878 607 226 896 916 963]
[603 120 134 110 107 571 911 795 441 956]
[824 396 958 789 140 299 935   4 274 771]
[ 91 758 849 322  70 655 471 397 463 486]
[137 628 884 952 945 906 822 881  47 138]
[852 155 918 296  49 819 914 653 493 322]
[990 371 295  25 551 757 830 620 893  38]
[661 118 725 592 859 961 747 649 946 203]
[802 285 665 107 170 155 753 474  89 888]
[110 566 831 692 702 792 833 683 509  88]
[694 332 987 793 671  16 811 897 307 209]
[506 527 423  68 832 727 239  92 154 286]
[302  28 111 844 704 458 747 651 848 525]
[407 834 356 760 759 126 158 935 420 428]
[735 482  92 858 216 139 464  50 595 902]
[959 118 333 540 619 691 489 626 134 286]
[546 368 852 281 255 425 536 640  76 619]
[492 612 394  49 289 770 684 295 698 187]
[763 963 147 419 638  85 980 464 537 495]
[895 168 850 432 544 778 417 785 768 304]
[537 617 302 633  54 747  80 982 760 423]
[150 815  63 870 565 354  35 232 634 722]
[947   5 271 722 917 802 908 479 150 244]
[460 656 865 926 803 115 221 292 846 889]
[179  21 373 802 347 727 690 231 343 692]
[407 544 716 872 471 658 414 997  35 603]
[300 747 242 973 130 574 985 941 135 231]
[358 382 100 946 217 849 501 579 187 836]
[758 746 928 625 896  36 642 665 389 651]
[366 198 340 103 816 231 144  79 422 609]
[606  95 981 975 594 417 518 106  88 991]
[772 773 317 893 754 269 296 253 901 858]
[689 951 998 385 107 651  53  78 304 958]
[335 988 898 217 748 698 476 900 162 849]
[920 237 476 801 248 797 348  97 819 672]
[948 213 418 788 573 157 683 412 416  24]
[ 67 482 189  37 348 981 143 198 210  38]
[167 453 436 386 125 466 123 822 909 962]
[713 157 738 987 575 568 440 695 993 529]
[242 750 384 247 140 258 204 402 339 884]
[437 328 574 966 660  34 103 132 735  96]
[539 976 271 452 140 941 634 463 420  16]
[980 512 386 824 400 447 860 528 558 667]
[873 131 803 269 724 241  18 160 984 185]
[972 482 352  59 488 829 680 715 116  80]
[428 717 859 155 594 494 226 461 917 445]
[280 858 302 584 670 708 425 180 187 147]
[461 996 839 957 307 296 174 528 170 864]
[ 76 987 656  55 108 668  48 131 877 101]
[653  41  83 420 647 151 111 229 290 963]
[326 838  37 962 291  26 813 473 376 744]
[598 798 986  67 591 788 330 938 325 206]
[681  79 655  92 572 830 725 863 395 555]
[597 452 761 557 466  78 638  10 451 100]
[ 77 206 408  25 880 579 483 790 235 382]
[654 543   6 862 665 572 261 556 671 535]
[970 132 880  20 693 734 738 320 416 607]
[ 60 415 736 525  24 287 634 642 249 577]
[489 138 136 330 153 799 800 179 545 223]
[187 336 333 686 577 315  55  36 841 930]
[831 285   6 488 328   9 882 851 492 432]
[444 616 608  34 277 267 726 420 248 784]
[ 16 467 578 193 497 581 457 524 845  73]
[111 551 288 426 111 915 855 166 494 298]
[647 269 197 641 939 234 781 127 154 618]
[775 302 160 931  61 940 500 333 717 186]
[  3 327 221 655 186 370 643 604 600 472]
[423 260 282   1 518 540 927 292 115 607]
[532 148 119 469 353 918 984 739 829 292]
[ 62 125 718 656 377 200  19 590 650  39]
[778 762 245 427 153 297  56  79 542 853]
[488  64 819  89 980 957 678 658 843 881]
[252 505 468 928 777 676 584 346 696 235]
[943 486 937 628  57 289 251 579 473 671]
[369 412 603 992 445 955 911 526 568 928]
[221 334 229 847 213 561 627 916 935 413]
[750 435 228 437 265  39 666 936 514 343]
[963 428 734 681  29 271 642 611 872 288]
[845 142 300 574 714 124 899 641 197 781]
[586 197  85 298 362  85 526 930 361 786]
[391 988 747 279 622 773 316 582 697 868]
[801 515 966 822 928 851 895 337 439 451]
[336 756 594 745  31  23 316  13   7 836]
[432 251 984 770 955 798 908 264 924 524]
[725 185 986 509 292 632 203 536 819 654]
[528 679 259 155 924 776 295 658 772 153]
[ 62 804 157 421 653 344 469 780 629 539]
[201 482 295  11 805 529 424 408 310 156]
[614 204 165 795 265 754 389 905  31 252]
[149 211  59 443 763 709 430 998 579 882]
[398 998  31 487 179 244 850 233 464 422]
[326 404 436 728 277  78 507  18 733 936]
[730 604 651 138 687 515 983 989 852 510]
[129 665 976 751 493 559 435 344 883 658]
[101 743 591 925 340 263 953 702 197 345]
[ 68 504 616 686 935 379 285 462 382 760]
[980 318 384 340 292 189 993 999 231 981]
[251 928 544  26 586 901 921 697 552 463]
[153 171 133 252  91   5 484 852 283 616]
[591 679 353 718  96 515 797 601  95 705]
[748 995 725 556 354 989 616 928 844 507]
[557 171  68 327 559 345 781 523 582 387]
[920 864 353 621 729 143 690 131 782 865]
[358 333 123 144  87 989 454 558 109 584]
[655 842 440 868  88 628 199 372 236 613]
[974 155 968  23 129 945 589 365 720 271]
[  3 203 188 238 713 806 416 534 156 470]
[694 479 722 575 826  47  84 298 186 255]
[940 388 243 171 397 760 619 142 410 669]
[978 474 368 684 637  89 915  46  83 570]
[527  64 795 421 507 948 715 264 168  12]
[822 440  62 750 122 726   4 769 256 932]
[338 590 263 605 667 771 630 294 661 512]
[993 691 637 377 868 111 559 652 923 537]
[389 816 255 946 203 334 335 949  70 931]
[485 603 308  45 896 385 945 216 694 489]
[794  19 782  37 933 914 414  55 928 757]
[467 382 264 833 813 546 801  38 732 299]
[672  30 914 479 931 735 710 231 836 787]
[831 728 837 357  57 187 349  86 458 218]
[277 577  41 588 865 595 235 266 744 657]
[562 305 322 490 859 820 259 331 711 426]
[515 214 490 526 785 351 723  87 264 542]
[497 537 348 985 454 859 165 580 789 535]
[626 622 947 546 406 490 983 656 491 324]
[495 920 784 352 979 525 939 844 481 174]
[734 467 506  76 323 978 651 724 317 443]
[777 506 134 476 933 503  19 503 478 283]
[286 297 250 578 324 619 111 172 987 233]
[ 89 569 408  53 325 254 677 830 204 685]
[209 172 298 599 888 842 136 308  54 488]
[683 216 255 772 998  80 373 100 973 145]
[470 775  33 405 360  83 954   0  41 608]
[973 318 651 506 775 634 625 642 708 781]
[762 830 132 421 806 791 473 226 563 999]
[185 954 955 698   4 952 706 461 890 764]
[712 275 280 733 645 267 693 368 631 271]
[488 761 515 436 564 820 620 916  49 163]
[644 534 329 900 637 181 570 405 462 355]
[ 97 985 140  83 782 539  16  10 130 376]
[448 217 130 169 103 181 504 524 672 663]
[369 956 964 373 295 904 226 564 539 293]
[843 739 688  84 717 529 600 443 741 745]
[488 488 810 612  54 591 901 743 473 930]
[778 293 349 914 595 768 460 336  33 263]
[522  38 266 772 269 266 595 220 620 831]
[ 59  87 108 889 910 620 616 334 830 540]
[312 189 979 709 695 260 670 604 847 139]
[721 494  48 422 900 421 995 481 438 796]
[ 11 411 757   8 489 345 446 585 258 985]
[421 545 929 959 767 319  80 600 931 983]
[684 723 584 853 185 587 385  96 225 624]
[996 727 323 483 964 642 227 508 624 935]
[563 945 552 226 650 252 264 721 793 297]
[ 92 108 936 575  43  58 686 725 246 486]
[461 301 368  87 411 311 776 720 797 734]
[807 788 947 327 720 405 253 887 718 849]
[ 11 804 971 985  45 783 460 381 982 716]
[171 864 571 707 444 767 483 548 562 313]
[675 686 429 241 963 979 334 344 235 787]
[776 470 592 996  87  47  14 160 839 721]
[996 735 321   2  14   6 767 393 451 239]
[692 224 243 612   0 160 138 297 529  59]
[589 318 168 714 432 985 707 934 853 834]
[356 709 620 458 114 956 881 764  43 108]
[447 700 117 282 363 721 667 364 750  39]
[388 939 671 904 902 284 668   6 487 158]
[330  72 529 772  57 387  61 125   4 160]
[572 735 489 841 704 863 733  33  93 975]
[ 72 334 729 833 410 832 951 218 112 935]
[663 932 244   6 430 556 645 921 375 652]
[485  67 524 745 763 896 679 727 225  39]
[914 455 369 570 342 812 836 916 223 468]
[545 358 698 516 794 534 774 131 839 202]
[741 920 820 328 149 509 769 544 164 997]
[  2 657 322 879 369  15  44 533 267 677]
[ 89 174 987 239 517 173 989 638 839  82]
[724 449 248 879 447 347 724 715 185 206]
[ 15 787 460 547 474  64 334 455 956 415]
[325 582 473 243 296 281 929 494 145 839]
[524  12 355 927 188 775 411 308 720 627]
[ 44 103 651 901 226 541 879 981 972 578]
[863 747 995  15 907 773 817 637 717 530]
[378 227 296 846  42 494 108 918 970 694]
[606 160 388  84  38 795 206 704 684  76]
[116 764 295 274  48 549   6 617 777 886]
[641 665  32 392 207 694 996 119 316 288]
[958 342 386 558 311 468 277 448 573 978]
[266 744 324 725 973 226 899 234 272 566]
[503 759 670 195 153 424 719 604 233 325]
[ 10 187 326 507 137 638 612 970 783 895]
[ 42 201 885 315 486   6 547 959  33 674]
[744 109 446 741 481 914 989 956 637 508]
[538 731 671 523 706 333 133 704 479 498]
[432 785  86 381 941 455 430 944 442 534]
[  9  66 853 951 833 875 238 360 612 389]
[545 162 295 934 428 891 915  57 747 204]
[ 41 374 323 526 542 702 244 776 412 901]
[470 987 249 277 394 357 342  38 202 887]
[310 387 556 283 524 722 408 230 758 611]
[391 372 109  64 685 614 749  64 139 388]
[448 254 449 132 798 473  61 896 333 624]
[ 36 310 138 601 969 946 261 420 108   4]
[290 154 772 259  77 525 760  59 241 602]
[509 873 640 618 159 284 794 141 307 896]
[878 457 873 237 649 704 835 502 737 410]
[335 171 197  43 841 561 281 729 584 733]
[350 423 285 351 858 569 585 493   7 878]
[677 983 857 223 178 160 125  96 911 869]
[ 15 359 691 743 667 854 930  75 277  39]
[371 877 242  24 250 654 663 932  31 241]
[ 76 567 244 359 886 396 169 133 257 688]
[180 810 222 118  92 164 255 577 468  37]
[649  85 448 965  75 834 530 143 740 434]
[370 254 651 956 876 336 419 984 445 780]
[336 170 729 198  16 652 282 710 829 391]
[942 546 706 362 797 701 320 704 468 329]
[246 968 361 965 948 943 898 201 409 111]
[176 522 103 389 681 338  89 754 156 384]
[ 51 855 905  60 811 332 273 809 502 805]
[ 72 720 709 812 838 980 862 804 432 724]
[464 163 581 428 796 229 976 872  27 223]
[ 65 386 885 805 150 525 689  23 833 295]
[199  80 119 826 688 581 934 756 132  96]
[149 466 109 438 331 882 736 395 530 917]
[  6   7 602 161 267 812 713 964 970 875]
[663 600 521 228 944 761  63 442 461 692]
[911  69 750 371 579 290 769 274 706 377]
[131 747 717 574 462 622 752 819 764 654]
[160 769 185  73 552 630  85 598 603  21]
[ 74 335  74 315 527 300 951 635 255 305]
[  9 839 923 903 780 510 415 660 901 858]
[571 670 425 937 142 482 325  92 999 441]
[ 49 492 405  79 360 842 976  58 910 103]
[848   0 770 172 127 169 405 729 285 424]
[117 684 301 446  30 551 952 834 556 435]
[310 691 233 850 324 199 734 499 643 536]
[447  47 491 553 522 713 707 372 350 822]
[458 458  47  80 421 463 923 688 978 257]
[757 933 750 777 527 775 190 603 637 682]
[209 679 968 187 933 707 492 350 287 123]
[ 89 163 175 248 398 384 142 837 911 884]
[197 231 663 405 537 807 518 174  86  12]
[229 345 303 138 246 919 127 422 265 801]
[524 403 463 347 994 931 754 240 738 171]
[271 222 712 868 434  49 142 751 716 721]
[317 933 793 672 349 513 705 549 473  75]
[449 622 967 452 394 503 435  89 373 864]
[380 621 720 474 773 725 561 736 632 535]
[381 241 604 201 748 625 500 367 653 291]
[961 938 165 973 802 276  16 427 784 737]
[ 85 266 463 697  76  61 332 547 551 161]
[765 245 290  57 961  54 746 451 667  98]
[655 406 923 738 986 780 216 753 824 634]
[631 309 738 978 465 951 651 331 295 898]
[595 943 298 389 157 580 344 506 681   9]
[641 770 434 829 952  24  51 193 691 647]
[743  98 849 301 971 649 648 990 316 675]
[952 136 619 763 285 832 883 827 270 527]
[793 556 317 138 899 659 680 838 386 716]
[ 61 863  47 485 524 474 180 570 126 803]
[744 979 384 341 278 750 593 660 122 316]
[307 579 430 848 833 148 662 850 505  96]
[  5 557 845 363 233 427 531 753 468 640]
[806  64  73  89 132 213   7 375 469 351]
[326 904 562 562 329 168 353 411 713 401]
[676 845  78 966 904 774  72  12 535 501]
[251 908  14 565 202 436 250 931 112 963]
[312 520  97 484 752 854 705 157 929 723]
[198 132 319  41 425 771 776 829 835  85]
[851 871 792 409 724 386 343 528 129 871]
[955 649 341 103 731 683 289 851 166 434]
[681 601 930 134 541 617 893 142 776  71]
[783 544  18 496 957 250 221 835 863 739]
[245 352 505 442 234 736 450 638 873 918]
[989 333 532 671 709 789 106 101 572 975]
[ 38 187 669 650 568 865  50 476 255 357]
[594 831  31 545 969 322 914 687  60 755]
[289  63 532 540 427 259 694 297 722 685]
[211 215 610 890 801 733  49 688 333 774]
[ 47 671 788 600 845 805 375   5 642 481]
[977 729 436 589  81 546 817 629 865 207]
[296 927  73 266 848 807 836 889  31 338]
[814 630 656  34 820 899 200  50 471 225]
[811 199 834 400 700 377 737  19 687 745]
[119 824 200 322 153 983 265 660 305 731]
[232 334 740  34 133 717 703 914 209 861]
[684 572 391 153 996 515 782 820 989 306]
[781 772 225 370 534 981 200 878 343 787]
[241 716 662 216 586 607 151 141 414 283]
[ 37  28 286 945 423 162 645 479 226 502]
[339 630 434  43 657 453  17 365 664 475]
[540 525 779 652  29 415 446 951 247 549]
[683  36 813 625 661 701 782 521 978 245]
[443   5 703 883 916 947 755 930 476 212]
[985 681 622 242 383  35 469 398 722 269]
[317 376 748 506 343 234 256 507 869  24]
[520 129 135 803 181 305 107 334 500 653]
[808 391 608 520 251 633 642 895 443  28]
[884 941  85 140 539 432 434 790 711 414]
[967 482 321 484 638 265 797 485 773 150]
[670 156 825 867 329 591 676 136 978 617]
[384   0 938 707 123 460 348 564   5 838]
[586 403 560 356 591 926 831 303 334 191]
[158 569 327 344 493 644 188  35 462 955]
[276  76  12 600 384  85 951 996 522 824]
[257 353 559 239 694 691 829 130 886 894]
[ 28 875 276 756 559 366 729 210 956 830]
[944 986 241 854 610 135 233   5 187  83]
[132  24 105  40 641 266 404 324 231 887]
[609 256 168 521 755 600 965  47 936 208]
[866 120 138 208 242 183 688 620 966 547]
[359 643 842 484 787 101 505 601 446 822]
[396 800 890 173 586   1 767  41 343 884]
[869 303 458 729 171 207 743 173 204 307]
[677 959 780 189 929 399 153 457   0 378]
[986  21 707 974 383 783 108 122 842 293]
[547 857  75 705 793 714 707 928 863 831]
[470 539 305 112 633 869  82 945 285 754]
[987 920 895 792 327 236 527 396 732 338]
[840 394 332  44 399 289 841 111 144 864]
[130 742 120 296 535  72 378 255 508 938]
[556 550 989 678 623 307 321 618 181 249]
[696 445 937 928 166 360  98  91 660 520]
[963 977 697 411 278 525 802 473 650 206]
[523 871 437 725 124 802 949 981 180 797]
[414 750 259 184  64 606 569 867 223 526]
[381 692 961 539 481  36 635 339  89 546]
[548 541 487 605 442 950 394 664 441 157]
[149  61 579 408 875 495 926 260 512 999]
[912  90 801 967  47 485 495 310 214 645]
[726 738  56  19 765 596 694 798 747 746]
[284 914 648 992 571 891 790 627 460 577]
[981 682 322 652 812  47 821 217 391 483]
[200 489 905 492 959 684 223 765 224   7]
[182 519 768 771 451 288 576 958 223 258]
[928 375 912 274 665 853 293 247 488 447]
[ 88 266 784 100 399 501 478 213 232 961]
[527 592 391 892 556 623 825 354 415 285]
[218 840 495 701 372 994 248 736 401 749]
[176 281 928 106 369 503 688 600 768 680]
[878 858 299 810 907 774 630 258 604 353]
[705 550  84 564 435 110 683 840  11 306]
[943 996 756 255 813  81 526 494 571 161]
[661 423 100 534 517 888 688 955 263  97]
[264 893 294 261 795 483 912 112 170 146]
[276 630 975 749 585 265 697 494 739 247]
[143 848 241 617 881 180 361 463  81  50]
[175 839 777 696 309 757 346 352 266 182]
[225 133  71 317 817 924 611 965 482 855]
[258  26  18 511 339 956  84 703 518 950]
[969 296 145 411 640 541 129 831 505 593]
[681 319  69 493 214 507 986 427 518 572]
[707 877 295 303 966 939 310 550 712 104]
[762  56 476   8 392 275 890 515 156 326]
[880 859 593 768 594 720  86 965 303 619]
[609 866 330  99 302 300 840 137 425 650]
[655  23 534 104 626 842 825 965 811 957]
[524 927 613 832  90 722 479 688  32 625]
[ 10 919 510 289 835 581 919 119 911 674]
[339 232 572 303 422  84 103 170  87 409]
[972 511 449 918 727 906 653   2  50 210]
[156 666 424 561 624 147 225 123 380 925]
[780 247 809 492 483  16 894 348 627 577]
[571  20 912   3 864 895 929 961 468 601]
[413 560  69 578 970 698 748 965 391  69]
[742 133 518 170 721 753 904 113 342 657]
[390 182 357 929  37  63 962 579 825 896]
[851 107 157 778 302 915 483  24 497 511]
[338 234 883 508 114 762 789  20 239  28]
[589 340 830 461 922 938 846 856 505 245]
[591 740 901 565 550 917 625 350 495 518]
[820 369  73 199 712 267 239 584 154 305]
[449 866 992 668 931 217 655 254  79 412]
[378 750  72 724 422 729 194  42 918 297]
[185 598 400 352 834 892 658 387 846 351]
[152  73 818 512 176 733 286 222 113 528]
[667 738   9 665 108 858 510 849  28 761]
[761 191 443 446 743 644 268 851 128 808]
[387 999 436 246 664  46  68 825 427 322]
[ 96 212 597 631 207 504 159   3 288  18]
[557 317 338 510 672  93 463   5 640 267]
[576 953 604 662  80 427 869 786  28 737]
[694 118 655 273 551 846 750 804 999 173]
[936 975 235 886 758 721 636 752 645 570]
[335 581 421 160 564 576 522 174 112 147]
[730 348 740 219 351 229 754  35 848 180]
[126 762 604  72 698 261 895 256  89  76]
[825 170 766 372 702 360 515 799 367 723]
[729 983 153  41 708 624 347 278 722 964]
[514 674 732  24   6 892  48 909 519 570]
[493 997 632 851 597 783 942 154 617 941]
[ 48 445 112 760  15 793 539 334 893 214]
[406 165  44 580  25 286 716 398 151 809]
[ 57 392 992 268 275 358 815 901 602  66]
[688 904 472 614  84 162 827 759 899  89]
[616 808 989 858 170 733 363 975  79  28]
[225 564 125 357 863 962 206 951 475  80]
[118 483 658 935 545 678 740 382 527 595]
[395 785  69 656 658 522 892 677 615 160]
[736 171 430 491 159 683  72 344 938 219]
[963 327 373 509 713 616 954 100 601 432]
[562   4 606 210 858 195 255 626 413 357]
[847 999 535 897 289  16 431  40 700  80]
[740 286 694 925 730 573 708 176  68 725]
[671 224 364  21 225 664 928  26 626 145]
[327 544 525 207 969 749 733 917 143 648]
[147 454 443 130  20 155 423 567 491 600]
[536 879 682  53 774 508 471 225 192 189]
[826 652   3 343 829 584 666 786 805 766]
[964 387 519 351 584 582 460 700 436 117]
[ 12 655 421 142 363  30 595 704 445 801]
[143 658 676 644 889 809 683 572 464  45]
[997 283 309 353 237 329 374 905 434 513]
[622 157 801 158  60 563 292 407 692 852]
[302 169  19 634 339 292 510 445 258 140]
[954 883 611 425 413 353 290 488 967 610]
[ 14 686 792 707 775 958 604 633 446 868]
[665 268 324 420 529 151 744 443 969 979]
[839 941 813  69 269 396 828 609 126 762]
[983 185 958 473 747 773 375 721 943  30]
[776 786 264 912 489 808 717 684 781 750]
[426 230 563  19 807 464 399 304 605 314]
[422   2 323 329 282 183   5 973 335 602]
[194 702 478 323 725 843 447 351 709 851]
[690 206 498  70 895 541 109 867 840 701]
[ 23  51 174 729 217  92  98 580 694 596]
[974  88 569 657 764 773 205 521 502 998]
[826 912 340 480 628 167 639 623 627 870]
[117 629  39 123 713  78 253 926 553 704]
[165 602 770 888 986 443 822 430 607 708]
[171 362 884   2 693 939 524 540 993 822]
[153 530 145 774 816 673 688 553 170 118]
[807 346 653 841 524 653 978 407  49 163]
[338 742 578 868 854 547 611 312 750 341]
[599 706 391 438 671 253 790 112 297 866]
[968 701 507 956 842 705 683 451 485 770]
[602 163 867 127 954 787 217 203 953 978]
[622 454 419 899 664 471 961 162 822 333]
[ 92 447 601 354 693 617 788 386 258 260]
[560 844 739 745  75 406 478 725 577 383]
[ 64 819 784 685 270 958 893  71 817 398]
[364 632 599 299 605 833 499 255 369 735]
[106  99 708  50 652 652 931 635 211 620]
[255 470 295 658 377   4 423 947 877  10]
[ 87 793 215 982 175 696 689 294 587 629]
[250 739 984 556 292  73 142 751 883 499]
[542 862  47 326 379 972 241   0 451 213]
[683 953 331 233 825 129 115  78 187 654]
[303 142 817 191 649 117  34 357  45 987]
[975 288 264 762 574 319 573 618 867  61]
[624 293 995  62 939 750 366 664 498 898]
[342 126 570 434 107  54 802 557 883 216]
[345 449 622 465 493 775 339 177  22 248]
[175 637 963 593 621 124  64 560 761 561]
[252 829  89 890 156 271 459 109 397 626]
[215 798 971 775 665 250 586 308 426 715]
[110 962 704  83 290 691  93 278 719  93]
[321 400 484  85 544 142 660 190  43 719]
[782 926 496 799 598  76 761 121 986 224]
[ 63 187 708  91 884 566 655 713 113 662]
[  2 210 755 754 475 397  85 666 615 566]
[187 368 586 210 855 210 568 744 497 110]
[418  92 936 304 312 714 768 439 458 558]
[673 531  75 759  96 842 304 125 640 176]
[979 125 696 857 174 822 871 199 126 561]
[177  96 952  72 884 807 970 690 919 421]
[757  99 113 762  89 286 162  54 571 940]
[931  85 808 245 996 296 535 558 448   2]
[382 961 214 432 654 163 414  85 825 258]
[300   8 871 786 795  42 159 642 485 779]
[999 988 847 528 366 722 299 386  63 102]
[797 720 972 908 262 386 585 156 446 560]
[345 891 946 570 198  94 699 488 520  25]
[402 415 977 894 872  43 635 399 725 416]
[630 257 113 597 145 325 190 580 394 938]
[785 431 902 412  43 895 354   6  67 948]
[280 383 833 456 929 791 434 681 571 885]
[328 436 488 167  39 970 488   3 407 160]
[408 373 977 211 921 561 825 278 486 767]
[727 682 492 713 965   0 607 851 411 721]
[913 674 742 217 776 846  53 574 577 221]
[154 840 434 414 775 695 621 425 255  87]
[171 949 382 546 536 722  34 884 527 303]
[128 491 777 517 628   1 693 536 819  19]
[227 291 833 611 169 435 883 831 620 714]
[922  69 909 666 132 755 373 633 288 930]
[956 983 386 454 627 401  75 205 912 427]
[668 728 601 530 673 996 524 732 606 879]
[119 895 426 196 234 986 308 687 465 524]
[353 842 989 336 380 295 186 414 408 949]
[489 333 654  22 614 822 855 909 842 663]
[353 588 279 683 971 776 436 454 607 310]
[255  35 420 945  97 870 363 984 482  28]
[601 923 297 990 853 197 832 682 615 903]
[571 995 233 261  95 366 762 330 160 317]
[729 866 546 386 260 639 538 638 484 772]
[538 654 204 487 857 747 535 170 509 417]
[ 99 731 841 791 630 839 285 966 306 415]
[955 224 867 911 120 747 944 444 520 274]
[460  50 565 334 216 638 320 236 325 440]
[  6 953 239   0 643 805 927 882 713 151]
[686 997 240 733 106 141 415 541 355 797]
[631 636 147 890 756 878 128 743 373 211]
[138   3 468  53  20 651 158 450 367 450]
[761 909 784 268 999 818  37 212 288 932]
[260 683 872 828 162 743 423 957 308 188]
[113 962 791 974 639 182 148 637 311 192]
[244 376 709 613  54 238 767 189  22 960]
[279 936 252 256 988 450  74 735  65 405]
[942 884 375 219 197 664 393 734 694 172]
[815 749 258 814 604 930 678 847 116 692]
[737 188 410 809 486 493 289 629 323 406]
[380 847 772 577 244 532 226 585 238 669]
[ 60 556 289 442 200   2 666 602 934 900]
[ 59 855 816 544 762 631 544 885 477  30]
[401 393 284 773 375 576 228 271 763 658]
[878  18  55 331 913 235  62 833 817 351]
[551 356 520 934 139 517 440  23 927 794]
[731 343 837 846 235 571 336 486 470 412]
[811 694  53 258 651 674 198 319 717 171]
[ 17 330 807  41 187 358 128 584 127 625]
[320 129 163 457 206 350 238 822 703 263]
[687 751 881  76 572 692 174  94 560 974]
[835 514 707 834 323 756 460  23 498 175]
[560 524 271 566 565 493 827 584 828 301]
[185 544 955 979  58 926 986  39 719 642]
[975 457 268 706 963 521 370 563 299 711]
[896 616 260 985 486 757 507 913 179 467]
[147 777 654 559  61  47 229 726 241 571]
[ 45 103 273 428 111 821 293 444 529 555]
[569 236 952 298 913 546 734 177 357 112]
[514 826 953 197 702 126 183 377 944 940]
[251 696 849  48 186 103 860 523 416 777]
[253 873  48  96 101  23 955 876 144 492]
[190 968 287 493 833 476  86 194 173 557]
[888 819 856 211 144 689  27 613 799 107]
[562 323  38 491 289 944 735   9 402 490]
[188 810 582 983 827 566 770 493 578 458]
[332 320  42 901  91 892 692 829 880 422]
[180  12 379 103  75 949 841  22 346 919]
[ 96 837 300 176 878 789 146 265 594 242]
[225 859 614 326 498 117 873 863 531 410]
[619 439 416 106 824 493 576 766 568 369]
[931 716 321 230 657 188 755 534 425 986]
[252 222 408 279 968 757 606 142 507 492]
[665 969 537   8 630 969 954 605 685 797]
[176 704 813 316 344 198 769 918 396 264]
[479 100 502 595 708 483 237 379 675 808]
[447 335 323 787 559 901 362 297 953 895]
[512 180 661 635 621 852 488 417 509 200]
[756 765 146 138 391 571 741 745 518 507]
[668 208 825 126 416 688 586 205 782 953]
[610  79 741 152  89 106 130 958 559 956]
[534 801 350 994 497 855 536 992 227 801]
[717 389  83 438 143 415   1 359 715 459]
[382 484 532 657 853 730 171 144 435  97]
[507 177 961  57 117 897 831 441 688 308]
[489 702 723 687 300 732 990 725 468 581]
[252 759 828 165 212  47 860 222 129 379]
[747 495 803 857 790 463 284 149 604 353]
[663 589 377 480 213   7 599 108 822  10]
[ 47 279 387 653 935 438  57 513 864 879]
[735 668 314 898 178 485 948 101 160  92]
[150 522 715 546 570 341 553 426 346 562]
[887 525 676 245  41 645 689 280 582 715]
[962 638 132 974 754 984  10 653 406 152]
[235  87 991 576 992 554 430 611 538 138]
[762 390 921 214  45 717 314 240 382   1]
[920 927 106 451 276 121 745   3 490 470]
[401 693  29 153  29 918 465 402 363 200]
[289 688 775 891 624 389 562 989 471 852]
[162 767 822 418 703  49 584 345 470 623]
[405 583  61 101 822 655 301 339 428 475]
[727 717 699 510 204 731  93 887 705 306]
[650 207 423  21 899 517 799 903 884  72]
[882 508 406 756 557  29 751 362 220 409]
[288 368 905 194 457 623 751 909 943 155]
[868 753 421 231 971  53 220 189  88 143]
[457 221 930 200 622 224 531 551  83 712]
[716 446 587 495 279  24 236 994 475 217]
[606 463  72 525 696 356 784 315 741 657]
[ 96 194 818 457 971 766 930 705 197 396]
[254 688 587  13 515 551 458 643 229 973]
[335 442 806 550 759 851 187  93 759 791]
[544  29 469 933 897 794 986 502  62 992]
[850 405  72 307 610 780 966  73  36 266]
[647 372 942 410 557 815 296 541 581 973]
[592 257 261 413 438 244  73  79 317 861]
[159 452 380 921 700 307 389 844 459 129]
[550 322 660 508 880 131 244 241 635  76]
[575 300  88 471 388 464 848 804  78 692]
[722  78 646 697 928 449 642  13  14  58]
[613 276 858 688 483 584 201 748 997 486]
[208 486 209 603 933 509 412 375 987 775]
[724 339 929 129  27 225 613  99 944 501]
[266 734 835 538 440 249 290 760 573 193]
[975   6  52  16 871   1 381 655 615 534]
[947 955 860 703 646 570 953  59 189 824]
[328 640 329 505 436 628 256 999 295 648]
[219 621 984  53 750 485 112 131 619 215]
[299 149 117 656 685  62 482  61 802 235]
[556 950 887 936 949  49 747 655 885 987]
[ 86 900 452 725 125 580 451 427 788 969]
[372 756 810 998  77 770  95 197 441 653]
[224 621 220 411 599 262 744 717 945 142]
[ 21 797 223 483 906 816 923 832  14 314]
[658 859 723 811 673 144 198 314 533 766]
[977 917 125 227 245 749 173 445 617 723]
[547 295 600 767 378 618 169 976 521 638]
[179 678 786 306 583 503 317 179 741 112]
[ 56 111 205 171 534 693 218 408 244 704]
[298 289 761 400 467 701 436 612 773 355]
[573 361 879 435 405 255 366 643 425 650]
[187 347 319 180 908 968 333 658  72 390]
[ 84 215  19 734 700 566 666 312 865 453]
[193 263 576 954 874 335 257 313 495 878]
[520 536  71  48 909 547 638 529 931 758]
[  7 479 568 598 434 143 632 631 212 219]
[484 888 183 228 494 247 592 731 314 317]
[835 910 922 311 546 426 413 187 584 771]
[345 619 494 321 445 288 247 547 975 245]
[291 413 779  93 281 462 753 775  27 905]
[654 580 782 992 377 119 781 932 780 907]
[ 44  77 728  17 680  26 533  86 824 720]
[260 421 220 948 880 845 829 275 684 894]
[231   8 192 379 134 246 225 404 282 357]
[312 910  62 223 549 478 442 133 956 355]
[466 215 546 805 662 178 963 915 430 240]
[487 275 240 636 367   5  46 260 323 158]
[ 23  27 184 491 842 132 157  39 971 273]
[412  53  76 896 697 400 236   8 883 771]
[475 815 175  74 721 129 744 348 118 216]
[879  48 223 731 388 594 321 275 235 794]
[777 307 177 179 820 328 611 332  30 638]
[549  13 244 322 918 996 768 930 747 277]
[536 960 388 313 975 604 811  37 537 800]
[267 306 966 624 536  70 509 900 244 896]
[910 198 198 168 589 137 854 692 936 428]
[708 328 794 917 750 352 333 571 895 272]
[692 580 467 520 369 825 999 674 925 977]
[364 653 154 163 335 229 887 618 831 719]
[177 963  70  36 653 124 631  47 749 850]
[629 875 632 550 119  57 981 104 996 292]
[663 743 705  88 125 166 396  91 853 898]
[ 83 609 583 944 547 802 703 135 480 940]
[611  24 798 307 691 325 640 130 796 252]
[182 717 863 956 135 136 531 557 307 413]
[983 832 226  97 791 774 942 972 394 752]
[259 781 882 650 569 740 386  18  19 779]
[628  14 316  18 341  33 983 918 536 715]
[721 860 559 262 894 986 178 691 104 328]
[236  60 364 780 864 875 240 933 337 976]
[338 336 860 930 256 375 954 685 967 657]
[379 742 282 955 580 116  87 917 193 434]
[105 904 795 670 286  19 417 665 567 867]
[948 723 999 359 273 742 735  36 529 518]
[129 385 743 928 978 423 377 565 703 303]
[391 583 693 254 903 773 829 924 562 231]
[976 819 712 343 234 414 135  51 404 166]
[613 535 614  18 986 183 357 344  92 678]
[243 636 828 353 998 279 853 298 732 556]
[562 558 621 229 660 362 383  11 606 493]
[503 438  54 453 695 706 255  30 871 519]
[385 765 121 783 300 696 770 452 742 906]
[425 824 260 365 703 134 890 566  87  93]
[443 267 379  31 728 256 691 452 838 421]
[324 181 886 344 126 948 644 347 135 451]
[773 808  56 928 134 798 285  20 767 582]
[249 903  55 520 801 930 198 625 899 859]
[166 219 534 569 731 861 946 677 746 855]
[357 298 587  86 489 923 288 360 632 932]
[427 341 987 849 249 670 653 844 761 822]
[ 34  73 793 999 320 129 662 468 868 483]
[718 601 913 898 991 765 851 506 564 318]
[573 144 667 295 711 669 148 914  40 853]
[223 951 199 229 605 763 231 716  84 772]
[810  66 251 510 286 969 267 965 916 956]
[173 593 284 492 216  15 969 791 445 814]
[657 405  59 873 705 907  21 744 800 418]
[571 371 659 607 723  54 325 227 634 654]
[826  75 428 671 784 123 687 102 226 632]
[130 429 826 160 171 921 383  28 740 736]
[354 380 968 575 736 227 827 791 632 986]
[608 358 519 925 641 415 350 169 333 564]
[445 983 203 100  26 570 807 240 629 302]
[  3 934 904 817 228 146 969 989 525 790]
[749 895 558 453 341 260 821 745 160 516]
[581 146 598 180 365 453 801 295 567 457]
[  1 307 649 991 554 985 136  29   3 705]
[615 752 394 310 993 517 927 548 294 398]
[757 538 451 862 615 790 474 334 395 175]
[755 428 395 450 922  96 973 112 970 196]
[589 544 110  20 757 252  29 358 792  75]
[909 452 496 488 395 123 771 294 937 433]
[452 981 179  20 278  50 958 392  72 775]
[362 734 680 274 217 621   4 278 442 378]
[921 324 457 462 672 859 749 485 897 946]
[844 410 286 811 237 368 803 293 437 627]
[296 248 490 230 423 616 824 909 878 947]
[292 595  47 181 560 949 174 326  65 286]
[ 27 868 757 567 647 321 495 285 596 445]
[351 117 324 387 270 633 218 155 306 789]
[389 363 867 797 979 169 349 405 445 374]
[766 816 732 419 310 235 672 679 234 744]
[927 278 877 703 504 270 644 294 478 313]
[496 177 376 135 190   5 834  73 365 540]
[827 552 811  65 589  47 745 992 100 154]
[259 670  69 814 313 129 130 724 863 431]
[ 25 541 919 237  32 458 344 947 962 319]
[272 223  76 711 379 899 895 307 548 144]
[133 150 244 105   9 239 957  69 478  92]
[223 148 705  72 741 821 682 896 642 813]
[630 538  97 493 730 437 252 200 796 522]
[496 490 773 878 215 476 132 541 262 128]
[188 316 284 713 913 407 581 900 877  35]
[ 57 649 506 575 931 267  24 952 450  69]
[ 16 148  34 460 606 982 219 790 647 353]
[366 680 709 349 181 845 885 991 519 178]
[719 625 927 656 798 310 767 716 504 415]
[257 692 709 489 443 876 849 727 840 879]
[818 873  98 966 277 269 179 628 298 763]
[809 528 184  37 658 379 245 672 191 248]
[241  14 240 532 787  30 163 228 695 892]
[ 10  65 244 510 832 404  90 290 995 562]
[ 53 235 806 131 990 644 878  22 374 723]
[509  52 892 793 721 612 716 217 484  55]
[402 517 461 932 543 152 665 136   4 985]
[184 319 558 146 308 757 412   7 301 313]
[227 420 789 844 723 970 979 934 838   7]
[397 299 552 168 211 517 911 245 505 281]
[487 538 206 173 552 808 431  16 149  38]
[345 277 482 184 275 189 219 979 876 998]
[475 650 458 501 354 219 952 613 254 916]
[558  44 371 288 958 701 848 356 564 593]
[905 743 876 190 809 274 133 645 547 667]
[142 482 606 768 856 179 498 358 243 134]
[134 923  82  33 388 461 111 492 922 543]
[929  60 562 572 576 102 117 898 914 247]
[343 260 212 160 780 230 377 591 684  87]
[796 133 982 739 815  67 163 292 453 251]
[326 784 199  81 812 793 357 940 335 562]
[221 825 884 135 290  42 651 278  30 486]
[841 992  28 933 670 354 774 921 570 410]
[551 618 690 469  94 715 987  59 433 324]
[187 435 284 920 510 707 162 960 800 631]
[345 212 493 508 930 949 338  80  77 538]
[443  77 571 373  88 117 898 506 991 870]
[686 810  55 452 589 717 483  47 433 858]
[301 441 673 232 106 430  72 249 425 182]
[ 54 446 337 805 377 603 809 273 902  12]
[974  55 530 782 313   9 410 667 919 126]
[475   8 488  16 789 681 554 768 220 218]
[418 180 736 668 360 337 611 829 833 359]
[545  18  59 596 181 154 162 679 247 814]
[643   0 649 773 704  72 498 837 378 975]
[664 779   7 881 632 330 718 219 105 558]
[357 629 592 804 876 631 630 167 357 847]
[984 432 977  20  35 169 940 835 872 529]
[417 928 443 860 377 918 825 715  31 355]
[624 921 886 560  68 494 306 635 986 203]
[656 684 966   6 719 113 219 102 601 515]
[842 318 392 369 664 226 118 398 104  13]
[517  81 497 946 193 418 212 239 346  30]
[767 368  89 419 485 371 788 339 265  45]
[772 905 392 209 356 110 816 142 879 838]
[530 331  23 325 413 421  78 564 760 163]
[890 134 861 668  12 151 680 243 148 726]
[495 445 106 727 492 126  48 400 317 251]
[797 491 953 942   0 330 754 214 757 294]
[603 292 121 200 884 964   1 665 943 563]
[100 727 409 604 871 901   8 580 174 360]
[695 918 278 901 641 107 943 745 486 374]
[349 405 937 197 461 995 716 130 346 168]
[916 147 202 405 476 589 446 935 917  20]
[450 979 467 390 247 196 579 276 177  99]
[ 64 672 263  89 683 140 720 504 327 507]
[259 400 554  94 153  87 372 134 665 155]
[ 82 261 747 518 127 458 451 834 510 968]
[931 331 886 936  64 298 462 317 651  37]
[435 654 413   6 120 864 521 308 324 166]
[621 120 411 579 599 546 857 145 691 177]
[195 227 674 632 858 425 518 775 127 807]
[207 328 365 259 605 351 975 704 657 852]
[875   6 513  19 193 550 140 220 472 933]
[761 726 679 785 330 866 511 752  95  11]
[384 881 328  41 891 337 375 955 750 230]
[832 388 737 962 862 249 539 863 571 213]
[232 630 711 977 549 572 753 950  96 506]
[115 921 998  51 481 925 566 151 138 603]
[105 174 847 900  90   9 731 413 946 890]
[797 886 610 436 902 274 933 293 122 345]
[404 134 344 473  79 617 971 540  42 193]
[381 219 656 280 800 269 110 264  34 838]
[175 366 481 273 338 506 691 528 513 411]
[735 172 335 266 349 351  27 768  78 326]
[309 660 233 238 583 818 705 948 210 486]
[537 346 219 162   3 590 382 354 790 166]
[355 914 561 746 119 296 128 637 538 862]
[686 693 473 652  89  99 432 787 707 768]
[175 537 625 110 785 274 741 320 615 874]
[967 766 171  36 768 147 692 781 969 668]
[589  35 221 896 380 494 400 520 236  29]
[341 743 818 435 954 172 931 236 710 747]
