0 633
10 439
20 427
30 399
40 454
50 365
60 416
70 410
80 564
90 499
100 457
110 454
120 448
130 635
140 594
150 648
160 556
170 567
180 386
190 438
200 354
210 364
220 316
230 269
240 266
250 440
260 232
270 230
280 219
290 206
300 204
310 204
320 291
330 204
340 211
350 204
360 205
370 222
380 204
390 203
400 212
410 203
420 203
430 204
440 204
450 203
460 204
470 203
480 203
490 203
500 389
510 347
520 347
530 367
540 374
550 515
560 626
570 384
580 385
590 388
600 362
610 361
620 359
630 385
640 379
650 368
660 362
670 357
680 584
690 364
700 354
710 409
720 349
730 350
740 350
750 347
760 348
770 351
780 349
790 374
800 359
810 377
820 368
830 370
840 358
850 361
860 417
870 364
880 349
890 347
900 347
910 346
920 349
930 351
940 355
950 351
960 363
970 350
980 356
990 493
