0 401
10 200
20 183
30 152
40 131
50 138
60 133
70 120
80 106
90 113
100 106
110 106
120 107
130 81
140 86
150 90
160 81
170 66
180 54
190 70
200 54
210 41
220 40
230 44
240 40
250 14
260 14
270 19
280 14
290 14
300 14
310 14
320 13
330 16
340 14
350 14
360 14
370 14
380 14
390 14
400 14
410 13
420 14
430 14
440 14
450 13
460 14
470 13
480 14
490 14
500 8
510 8
520 8
530 8
540 12
550 13
560 8
570 8
580 8
590 8
600 8
610 8
620 8
630 8
640 8
650 8
660 8
670 8
680 8
690 8
700 8
710 10
720 8
730 8
740 8
750 8
760 8
770 8
780 8
790 8
800 8
810 8
820 8
830 8
840 9
850 8
860 8
870 8
880 8
890 8
900 8
910 9
920 8
930 8
940 8
950 8
960 8
970 8
980 8
990 8
