0 354
10 213
20 247
30 412
40 313
50 301
60 343
70 630
80 602
90 463
100 535
110 518
120 530
130 846
140 803
150 809
160 903
170 744
180 696
190 627
200 580
210 589
220 440
230 452
240 422
250 382
260 383
270 572
280 389
290 361
300 361
310 364
320 361
330 492
340 361
350 360
360 361
370 361
380 361
390 364
400 361
410 361
420 708
430 361
440 361
450 363
460 362
470 368
480 361
490 360
500 677
510 690
520 707
530 707
540 775
550 1137
560 702
570 706
580 680
590 698
600 687
610 714
620 712
630 713
640 699
650 705
660 701
670 687
680 766
690 832
700 733
710 693
720 702
730 695
740 691
750 949
760 680
770 699
780 699
790 697
800 729
810 716
820 689
830 700
840 698
850 677
860 688
870 693
880 677
890 687
900 677
910 712
920 971
930 723
940 696
950 727
960 787
970 678
980 698
990 841
