0 0
10 1.8
20 5.6
30 11.6
40 18.8
50 29.4
60 42
70 55.6
80 84.6
90 90.6
100 134
110 133.2
120 158.6
130 207
140 225.8
150 244.2
160 285.8
170 234
180 234.8
190 320.8
200 321.8
210 279.6
220 229.2
230 256
240 205.4
250 165.2
260 185.8
270 187.4
280 214
290 215.4
300 229.2
310 253.8
320 260.2
330 268
340 285.4
350 304.2
360 316.2
370 333.4
380 354
390 369
400 394
410 400
420 447.6
430 451
440 472.6
450 474
460 503.2
470 520.4
480 510
490 519.8
500 557.8
510 598
520 606
530 592.4
540 614.8
550 643.8
560 673
570 673.8
580 712.8
590 752.6
600 792.2
610 767.8
620 818
630 837
640 962.8
650 905.4
660 991.6
670 944.8
680 1017.8
690 1107.4
700 1101.8
710 1062.6
720 1120.8
730 1156
740 1170.2
750 1215.8
760 1202
770 1239.2
780 1328.4
790 1313.4
800 1312.6
810 1393.8
820 1523.2
830 1442.6
840 1589.6
850 1575.8
860 1561.8
870 1592
880 1679.4
890 1727.8
900 1775.4
910 1678
920 1855.2
930 1867.8
940 1813.6
950 1910.6
960 1991.8
970 1998
980 2101.8
990 2026.8
1000 2241.8
1010 2121
1020 2174.6
1030 2210.6
1040 2280.8
1050 2410.6
1060 2361.2
1070 2502.8
1080 2505.6
1090 2574.8
1100 2572.8
1110 2772.4
1120 2644.4
1130 2886.4
1140 3250.6
1150 2965
1160 2907
1170 2903
1180 2918.8
1190 2968
1200 3056.4
1210 3086.4
1220 3371.2
1230 3241.8
1240 3294.6
1250 3376.8
1260 3599
1270 3424.4
1280 3690.2
1290 3809.8
1300 3799
1310 3950.2
1320 4098.2
1330 4044.8
1340 4032.6
1350 4119.6
1360 3852.2
1370 4086.8
1380 4071.8
1390 4505.6
1400 4881.4
1410 4896.2
1420 4875.8
1430 4306.4
1440 4309.6
1450 4405
1460 4546.8
1470 4749.8
1480 4838.4
1490 4679
1500 5000
1510 5057.4
1520 5683.6
1530 5640.4
1540 5238.2
1550 5414.4
1560 5049.2
1570 5317.2
1580 5152.6
1590 5365.2
1600 5319.8
1610 5449.2
1620 5771.4
1630 5694.6
1640 5651.2
1650 5727
1660 5671.4
1670 5729
1680 6032.8
1690 6123
1700 6118.2
1710 6192.4
1720 6257
1730 6380.8
1740 6162.8
1750 6290
1760 6517.6
1770 6580.2
1780 6482.8
1790 6765.8
1800 6695
1810 6961.8
1820 6937
1830 7255.2
1840 7198.8
1850 7136.6
1860 7413
1870 7354
1880 7560.4
1890 7795.8
1900 7496.8
1910 7887.2
1920 7936
1930 8057.2
1940 8037
1950 8313.8
1960 8083.8
1970 8198
1980 8320
1990 8440.8
2000 8352.8
2010 8624
2020 8870.8
2030 9144.8
2040 9275.6
2050 9123.2
2060 8969.2
2070 8914.6
2080 9064.4
2090 9272.8
2100 9185
2110 9373
2120 9645
2130 9797.8
2140 9968.6
2150 9893.8
2160 10000.8
2170 10049
2180 10204.8
2190 10015.2
2200 9980.6
2210 10431.6
2220 10493
2230 10607.8
2240 10650.4
2250 10795.6
2260 10940.6
2270 10957.6
2280 11112.4
2290 10835.4
2300 11101.8
2310 11355.8
2320 11333.4
2330 11597.6
2340 11731.2
2350 11903.6
2360 11818.8
2370 12175.6
2380 12252.4
2390 12046.8
2400 12307.6
2410 12261
2420 12295
2430 12405.4
2440 12586.8
2450 12714.2
2460 13310.8
2470 13055
2480 13097.8
2490 12956
2500 13402.4
2510 13120
2520 13679.2
2530 13370.8
2540 13684.8
2550 13602.8
2560 13867.4
2570 14057.6
2580 14227.4
2590 14316
2600 14093.6
2610 14720.2
2620 14425.2
2630 14596
2640 14813.2
2650 14624.6
2660 15105.6
2670 14858.4
2680 15040.2
2690 15291.4
2700 15488
2710 15322.6
2720 15674.8
2730 15613.8
2740 15817.4
2750 16009.2
2760 15936.2
2770 16177.2
2780 16623.2
2790 16732.6
2800 16673.4
2810 16617
2820 16733.2
2830 16920.4
2840 16958.8
2850 17126.4
2860 17113.8
2870 17237.6
2880 17279.2
2890 17766.2
2900 17632.4
2910 17812.8
2920 18178.4
2930 18072.8
2940 18179.4
2950 18960.4
2960 18482.2
2970 18465
2980 18595.4
2990 18802
3000 18970.8
3010 18813
3020 19226.6
3030 19628
3040 19362.6
3050 19673
3060 19683.2
3070 19910
3080 20038
3090 20242
3100 20576.8
3110 20802.8
3120 20565.6
3130 20902
3140 20988.8
3150 20938
3160 21074.4
3170 21327.6
3180 21518.2
3190 21899
3200 21706.4
3210 21402.4
3220 22037
3230 22326
3240 22282.2
3250 22470.6
3260 22849
3270 23145
3280 23030.8
3290 22975.8
3300 23038.4
3310 23398.6
3320 23189.6
3330 23599.6
3340 23675.4
3350 23993.8
3360 24184
3370 23889.8
3380 24175.2
3390 24411.4
3400 24442.4
3410 24780.2
3420 24864
3430 24951.4
3440 25120.2
3450 25654.4
3460 25144.2
3470 25567.6
3480 25709.2
3490 25618.8
3500 26101.2
3510 26289.2
3520 26097.2
3530 26159
3540 26710.8
3550 26474.6
3560 26922.8
3570 26893.4
3580 27180
3590 27248.8
3600 27499.6
3610 27530.8
3620 27723.4
3630 27829.4
3640 28209.8
3650 27951.2
3660 28223.6
3670 28539.8
3680 28656.6
3690 29137
3700 28914.2
3710 29152.2
3720 29135.4
3730 29571.4
3740 29759.8
3750 29843.8
3760 29706
3770 30191.8
3780 30423.2
3790 30363.6
3800 30285
3810 30988.4
3820 30998.4
3830 31191.8
3840 31255.2
3850 31682
3860 31533.6
3870 32296
3880 31995.8
3890 32251.6
3900 32191.2
3910 32124.6
3920 32565.2
3930 33013.8
3940 33295.2
3950 33258.8
3960 33731.4
3970 33484
3980 33601.6
3990 33683.4
4000 34050.8
4010 34216.4
4020 34385.6
4030 34079.8
4040 34702.2
4050 35010.6
4060 35500.2
4070 35333.2
4080 35977.4
4090 36393.6
4100 35730.2
4110 35428.2
4120 35822
4130 36749.8
4140 36958.6
4150 36758.4
4160 36569
4170 36797.2
4180 36894.4
4190 37019.2
4200 37571
4210 43161.8
4220 38554.2
4230 38501.2
4240 39344.6
4250 38263.4
4260 38099.4
4270 38292.8
4280 39137.2
4290 38800
4300 38766.8
4310 39298.6
4320 39391.6
4330 39769.2
4340 39806.8
4350 40049.6
4360 39998.8
4370 40509.8
4380 40532.6
4390 40582
4400 40944.2
4410 40634.4
4420 40948
4430 41158.6
4440 41611.6
4450 41695.6
4460 42158.6
4470 42043.2
4480 42202.4
4490 42898.8
4500 43105.6
4510 42884.6
4520 43120
4530 43504.2
4540 43424.6
4550 43674.8
4560 43670.8
4570 43794.6
4580 44284.8
4590 43967.2
4600 44690.2
4610 44631.2
4620 45225.4
4630 45162
4640 45306.6
4650 45481
4660 46137
4670 46188.8
4680 45817.4
4690 46149.2
4700 47360.2
4710 46883.6
4720 47022.8
4730 47045.2
4740 47332.6
4750 47327.2
4760 47216.4
4770 47892.2
4780 47815
4790 47982
4800 48464.4
4810 48428
4820 48810.8
4830 49563.2
4840 49036
4850 49404.8
4860 49630.8
4870 49811.2
4880 49489.2
4890 50014.8
4900 50341.4
4910 50577.6
4920 50793.4
4930 50596.2
4940 51338.6
4950 51639.2
4960 51085.4
4970 51547.2
4980 52028
4990 52877.2
