0 0
10 2
20 5
30 10
40 18
50 27
60 39
70 52
80 68
90 112
100 126
110 127
120 150
130 176
140 234
150 259
160 264
170 297
180 221
190 288
200 208
210 337
220 283
230 317
240 323
250 234
260 254
270 266
280 211
290 296
300 314
310 242
320 322
330 259
340 275
350 308
360 307
370 325
380 386
390 360
400 379
410 387
420 418
430 442
440 458
450 475
460 508
470 528
480 514
490 500
500 521
510 586
520 583
530 583
540 601
550 627
560 645
570 664
580 910
590 746
600 782
610 752
620 786
630 816
640 824
650 874
660 1032
670 934
680 930
690 1034
700 1039
710 1041
720 1066
730 1231
740 1130
750 1167
760 1158
770 1191
780 1259
790 1300
800 1348
810 1332
820 1318
830 1367
840 1485
850 1700
860 1520
870 1633
880 1558
890 1762
900 1623
910 1698
920 2184
930 1732
940 1763
950 1869
960 2076
970 1937
980 1880
990 1953
1000 1956
1010 2093
1020 2148
1030 2177
1040 2160
1050 2276
1060 2309
1070 2407
1080 2444
1090 2478
1100 2484
1110 2747
1120 2504
1130 2741
1140 3073
1150 2990
1160 2956
1170 2929
1180 2902
1190 3022
1200 2983
1210 3060
1220 3333
1230 3121
1240 3424
1250 3329
1260 3604
1270 3334
1280 4038
1290 3518
1300 3668
1310 3908
1320 4048
1330 4080
1340 4133
1350 3697
1360 3800
1370 4486
1380 4606
1390 4388
1400 4646
1410 4758
1420 4825
1430 4185
1440 4454
1450 4607
1460 4382
1470 4329
1480 4562
1490 4582
1500 4771
1510 4829
1520 5604
1530 5804
1540 5293
1550 4915
1560 4904
1570 4913
1580 5206
1590 5037
1600 5440
1610 6115
1620 5862
1630 5522
1640 5522
1650 6213
1660 5907
1670 5725
1680 5602
1690 5993
1700 5734
1710 6048
1720 6165
1730 6446
1740 6745
1750 6405
1760 6143
1770 6573
1780 6837
1790 6640
1800 6846
1810 6595
1820 6970
1830 6679
1840 7455
1850 6895
1860 7538
1870 7945
1880 7477
1890 7039
1900 7554
1910 7475
1920 7351
1930 7526
1940 7587
1950 7942
1960 7922
1970 8656
1980 7995
1990 8563
2000 8138
2010 8648
2020 8458
2030 8833
2040 8303
2050 8916
2060 8921
2070 8674
2080 8719
2090 9225
2100 9055
2110 9200
2120 9245
2130 9196
2140 9489
2150 10234
2160 9515
2170 10539
2180 9769
2190 9935
2200 10565
2210 10573
2220 10288
2230 10325
2240 10070
2250 10370
2260 10590
2270 10337
2280 10870
2290 11061
2300 10879
2310 11127
2320 11190
2330 11425
2340 11496
2350 11437
2360 11665
2370 11095
2380 11312
2390 12274
2400 12041
2410 11525
2420 11676
2430 12232
2440 13380
2450 12186
2460 12434
2470 12515
2480 12714
2490 12519
2500 12699
2510 13340
2520 13045
2530 13647
2540 13311
2550 13578
2560 13538
2570 13569
2580 14081
2590 14039
2600 14047
2610 14140
2620 13851
2630 14721
2640 14084
2650 15420
2660 14076
2670 14915
2680 15305
2690 14543
2700 15762
2710 15570
2720 15712
2730 15631
2740 15344
2750 15812
2760 15464
2770 16420
2780 16250
2790 17381
2800 16961
2810 16609
2820 17376
2830 17018
2840 17289
2850 17031
2860 17071
2870 17623
2880 16969
2890 17671
2900 17419
2910 17052
2920 17664
2930 18044
2940 18116
2950 18191
2960 17761
2970 18528
2980 18801
2990 18974
3000 18952
3010 19189
3020 18911
3030 18859
3040 18717
3050 20148
3060 19421
3070 19438
3080 19711
3090 20425
3100 19889
3110 19708
3120 20410
3130 19856
3140 20293
3150 21078
3160 21019
3170 21030
3180 20520
3190 20973
3200 21663
3210 21160
3220 21693
3230 20979
3240 21815
3250 21271
3260 22310
3270 21887
3280 21758
3290 22723
3300 22155
3310 22882
3320 23104
3330 23398
3340 23223
3350 23715
3360 23134
3370 23387
3380 23567
3390 23673
3400 23880
3410 25032
3420 24020
3430 26387
3440 25090
3450 25315
3460 24958
3470 25538
3480 26499
3490 26615
3500 25829
3510 26296
3520 25846
3530 26175
3540 27336
3550 27128
3560 27446
3570 27554
3580 27966
3590 27262
3600 26770
3610 26960
3620 27415
3630 27738
3640 28246
3650 27978
3660 28366
3670 28256
3680 28441
3690 28684
3700 28671
3710 29222
3720 29864
3730 29404
3740 30518
3750 28651
3760 30240
3770 29699
3780 29841
3790 31293
3800 29863
3810 30257
3820 30474
3830 30003
3840 30840
3850 30979
3860 31500
3870 31318
3880 31585
3890 32766
3900 31675
3910 31442
3920 32727
3930 31389
3940 32680
3950 33502
3960 32230
3970 32234
3980 33137
3990 33444
4000 33840
4010 34612
4020 33759
4030 33873
4040 33679
4050 34928
4060 35454
4070 35959
4080 34289
4090 34893
4100 35559
4110 34981
4120 34807
4130 36273
4140 36678
4150 36576
4160 36179
4170 36083
4180 37160
4190 36809
4200 36766
4210 37688
4220 37225
4230 42263
4240 37787
4250 37669
4260 37629
4270 39146
4280 38308
4290 38727
4300 39054
4310 39247
4320 40186
4330 39377
4340 39790
4350 40197
4360 40448
4370 40131
4380 40432
4390 39202
4400 40403
4410 41027
4420 40827
4430 40397
4440 41627
4450 41464
4460 42307
4470 42686
4480 44013
4490 43894
4500 43320
4510 43008
4520 42684
4530 43904
4540 43295
4550 43406
4560 43855
4570 42808
4580 43622
4590 44712
4600 43928
4610 44790
4620 44812
4630 44113
4640 44382
4650 45777
4660 45377
4670 46319
4680 46237
4690 45158
4700 47169
4710 46989
4720 46478
4730 47207
4740 46461
4750 46839
4760 46950
4770 47718
4780 47866
4790 47500
4800 47828
4810 48145
4820 48445
4830 48763
4840 48350
4850 49190
4860 49603
4870 49732
4880 49241
4890 49554
4900 49631
4910 49238
4920 50257
4930 50633
4940 50744
4950 50659
4960 50944
4970 50535
4980 51023
4990 51786
