0 0
10 2
20 5
30 10
40 17
50 26
60 38
70 51
80 67
90 84
100 111
110 125
120 149
130 174
140 263
150 230
160 261
170 306
180 226
190 262
200 208
210 338
220 298
230 324
240 319
250 229
260 246
270 267
280 295
290 302
300 319
310 344
320 388
330 361
340 376
350 431
360 391
370 439
380 552
390 461
400 454
410 505
420 522
430 610
440 553
450 611
460 600
470 589
480 628
490 655
500 621
510 634
520 669
530 654
540 701
550 715
560 716
570 820
580 846
590 794
600 854
610 859
620 853
630 829
640 902
650 871
660 890
670 991
680 995
690 999
700 1077
710 1094
720 1104
730 1452
740 1156
750 1197
760 1217
770 1286
780 1417
790 1327
800 1443
810 1364
820 1361
830 1384
840 1563
850 1688
860 1553
870 1841
880 1715
890 1631
900 1725
910 1660
920 1867
930 1769
940 1830
950 1910
960 1909
970 1932
980 1990
990 2026
1000 2080
1010 2099
1020 2099
1030 3080
1040 2251
1050 2444
1060 2310
1070 2470
1080 2440
1090 2449
1100 2503
1110 2588
1120 2488
1130 2601
1140 3071
1150 2992
1160 2717
1170 2772
1180 2942
1190 2868
1200 2899
1210 3635
1220 3084
1230 3133
1240 3059
1250 3487
1260 3563
1270 3430
1280 3601
1290 3460
1300 3770
1310 3702
1320 4145
1330 3946
1340 4070
1350 3773
1360 3915
1370 3947
1380 3777
1390 4311
1400 4661
1410 4797
1420 4970
1430 4257
1440 4218
1450 4220
1460 4465
1470 4296
1480 4656
1490 4543
1500 4568
1510 5461
1520 5229
1530 5580
1540 5106
1550 4962
1560 4964
1570 5830
1580 5286
1590 5540
1600 5514
1610 5348
1620 5434
1630 5696
1640 5657
1650 5871
1660 5880
1670 5717
1680 5942
1690 5676
1700 5990
1710 5818
1720 6028
1730 6434
1740 6201
1750 6695
1760 6570
1770 6665
1780 6367
1790 7035
1800 6583
1810 7079
1820 6635
1830 7654
1840 6784
1850 7189
1860 7153
1870 6944
1880 7232
1890 7242
1900 7382
1910 7451
1920 8090
1930 7592
1940 7844
1950 7752
1960 8097
1970 7964
1980 8050
1990 8239
2000 8530
2010 8340
2020 8270
2030 8139
2040 8464
2050 8537
2060 8911
2070 8663
2080 9447
2090 9269
2100 9087
2110 10058
2120 9407
2130 9308
2140 9598
2150 9270
2160 10041
2170 9948
2180 9701
2190 10558
2200 9851
2210 10134
2220 10132
2230 9858
2240 10451
2250 11036
2260 11163
2270 11123
2280 11069
2290 12114
2300 12102
2310 11059
2320 11418
2330 11584
2340 11298
2350 11604
2360 11595
2370 11622
2380 12333
2390 11936
2400 11819
2410 12945
2420 11942
2430 12341
2440 13056
2450 13202
2460 12443
2470 12977
2480 12205
2490 13413
2500 12947
2510 12802
2520 13394
2530 13219
2540 13610
2550 14066
2560 13556
2570 13256
2580 13630
2590 13669
2600 14210
2610 13996
2620 14710
2630 13978
2640 14786
2650 14277
2660 14526
2670 14747
2680 14677
2690 15096
2700 15396
2710 15482
2720 15135
2730 15069
2740 16189
2750 15694
2760 16192
2770 15630
2780 15986
2790 16160
2800 16687
2810 16354
2820 16266
2830 16681
2840 16355
2850 16786
2860 16611
2870 16805
2880 16942
2890 17148
2900 17713
2910 17791
2920 17679
2930 17592
2940 17769
2950 18444
2960 19409
2970 17778
2980 18408
2990 18979
3000 18758
3010 19107
3020 18842
3030 18701
3040 19887
3050 18942
3060 19475
3070 18997
3080 19624
3090 19800
3100 19936
3110 20355
3120 20386
3130 20378
3140 20974
3150 20863
3160 20549
3170 21580
3180 21443
3190 21154
3200 21538
3210 21095
3220 21402
3230 22081
3240 22722
3250 22194
3260 21736
3270 22047
3280 22760
3290 23710
3300 23049
3310 22285
3320 22687
3330 22856
3340 22994
3350 25206
3360 23531
3370 23367
3380 23302
3390 23900
3400 24216
3410 23727
3420 24688
3430 24093
3440 25226
3450 24667
3460 24862
3470 24922
3480 25204
3490 25739
3500 26024
3510 25133
3520 25699
3530 25738
3540 25230
3550 26048
3560 26629
3570 26494
3580 26075
3590 26725
3600 27232
3610 27059
3620 27429
3630 27640
3640 27264
3650 27396
3660 27676
3670 27928
3680 28078
3690 29453
3700 28896
3710 27985
3720 28604
3730 29435
3740 28437
3750 29367
3760 28927
3770 29392
3780 30176
3790 31146
3800 30064
3810 30836
3820 30269
3830 30914
3840 31035
3850 31815
3860 30657
3870 31241
3880 31732
3890 31445
3900 32147
3910 31591
3920 31315
3930 32760
3940 32143
3950 32563
3960 32755
3970 34276
3980 32649
3990 33170
4000 32627
4010 34183
4020 32992
4030 32836
4040 33758
4050 34670
4060 34446
4070 34567
4080 34798
4090 34412
4100 35548
4110 34128
4120 34892
4130 35380
4140 35945
4150 35720
4160 36427
4170 36653
4180 35858
4190 36309
4200 35873
4210 38044
4220 37539
4230 40357
4240 36936
4250 37459
4260 37105
4270 37668
4280 38214
4290 38401
4300 37860
4310 37944
4320 38526
4330 38837
4340 39252
4350 38359
4360 39301
4370 39451
4380 39844
4390 40519
4400 40204
4410 40718
4420 43961
4430 40302
4440 41366
4450 41748
4460 41262
4470 42526
4480 41069
4490 42664
4500 41963
4510 41268
4520 42504
4530 42527
4540 42834
4550 43376
4560 44259
4570 43049
4580 44883
4590 43984
4600 43297
4610 44210
4620 44077
4630 45028
4640 45415
4650 45220
4660 45075
4670 44718
4680 45730
4690 46640
4700 46154
4710 45617
4720 46287
4730 47732
4740 45948
4750 47238
4760 47237
4770 46375
4780 48584
4790 47568
4800 47580
4810 47254
4820 47923
4830 48403
4840 48772
4850 48397
4860 49184
4870 48604
4880 48930
4890 49916
4900 49090
4910 51304
4920 49774
4930 51222
4940 50394
4950 51144
4960 51780
4970 50777
4980 51704
4990 50804
