0 21
1 6
2 5
4 5
6 5
9 7
12 7
15 8
18 9
21 9
25 10
28 10
32 12
36 14
40 15
44 14
48 15
52 16
57 17
61 18
66 20
70 19
75 21
80 20
85 22
90 22
95 23
100 25
106 26
111 26
116 25
122 27
127 28
133 44
139 32
145 32
150 31
156 34
162 35
168 34
174 37
181 37
187 36
193 39
199 38
206 41
212 39
219 42
225 42
232 42
239 45
245 44
252 45
259 58
266 50
273 51
280 52
287 53
294 50
301 50
308 54
315 56
323 57
330 57
337 59
345 61
352 61
360 62
367 61
375 65
382 65
390 67
398 67
406 68
413 68
421 71
429 70
437 73
445 72
453 76
461 76
469 75
477 78
486 78
494 78
502 81
510 81
519 105
527 87
535 88
544 88
552 90
561 91
570 95
578 93
587 95
595 99
604 96
613 99
622 98
630 102
639 100
648 102
657 106
666 105
675 108
684 107
693 110
702 109
711 111
721 114
730 113
739 115
748 119
757 119
767 118
776 120
786 121
795 123
804 122
814 145
823 127
833 127
843 125
852 128
862 126
872 134
881 131
891 133
901 129
911 135
920 136
930 136
940 142
950 142
960 142
970 139
980 142
990 144
1000 149
1010 152
1020 202
1030 182
1041 159
1051 160
1061 162
1071 161
1082 164
1092 160
1102 165
1113 169
1123 167
1133 167
1144 172
1154 171
1165 174
1175 170
1186 176
1197 206
1207 182
1218 180
1229 185
1239 182
1250 181
1261 184
1271 188
1282 184
1293 185
1304 188
1315 193
1326 192
1337 198
1348 193
1359 218
1370 201
1381 199
1392 201
1403 205
1414 209
1425 212
1436 214
1447 216
1459 222
1470 225
1481 214
1492 234
1504 203
1515 270
1526 225
1538 218
1549 223
1561 224
1572 219
1584 229
1595 250
1607 235
1618 235
1630 233
1641 237
1653 252
1665 252
1676 241
1688 244
1700 243
1711 245
1723 248
1735 245
1747 248
1759 252
1770 251
1782 253
1794 257
1806 308
1818 260
1830 257
1842 260
1854 275
1866 318
1878 275
1890 277
1902 269
1914 271
1927 296
1939 276
1951 267
1963 277
1975 282
1988 284
2000 283
2012 282
2024 288
2037 286
2049 405
2062 313
2074 299
2086 340
2099 306
2111 302
2124 307
2136 347
2149 307
2161 321
2174 371
2186 311
2199 316
2212 317
2224 317
2237 317
2250 320
2262 317
2275 317
2288 362
2301 312
2314 324
2326 331
2339 333
2352 338
2365 356
2378 336
2391 334
2404 407
2417 344
2430 355
2443 367
2456 346
2469 346
2482 347
2495 355
2508 327
2521 348
2534 373
2547 361
2560 367
2574 321
2587 323
2600 365
2613 368
2627 414
2640 328
2653 329
2666 335
2680 337
2693 335
2707 336
2720 335
2733 342
2747 384
2760 346
2774 374
2787 346
2801 345
2814 347
2828 352
2841 357
2855 354
2869 371
2882 359
2896 360
2910 359
2923 365
2937 365
2951 363
2964 370
2978 385
2992 373
3006 372
3020 381
3033 379
3047 375
3061 380
3075 381
3089 432
3103 313
3117 311
3131 327
3145 316
3159 315
3173 317
3187 318
3201 320
3215 321
3229 344
3243 324
3257 326
3271 330
3285 328
3299 329
3314 331
3328 334
3342 336
3356 335
3371 355
3385 339
3399 341
3413 340
3428 342
3442 342
3456 346
3471 345
3485 347
3500 384
3514 350
3528 360
3543 352
3557 353
3572 355
3586 356
3601 358
3615 358
3630 374
3644 375
3659 366
3674 365
3688 368
3703 394
3718 378
3732 370
3747 383
3762 424
3776 376
3791 387
3806 402
3821 405
3835 392
3850 427
3865 386
3880 414
3895 388
3910 419
3924 413
3939 392
3954 415
3969 409
3984 416
3999 397
4014 397
4029 407
4044 414
4059 402
4074 414
4089 420
4104 514
4119 432
4135 414
4150 415
4165 446
4180 419
4195 421
4210 461
4225 423
4241 436
4256 441
4271 428
4286 453
4302 430
4317 431
4332 473
4348 435
4363 464
4378 445
4394 461
4409 468
4425 442
4440 488
4455 462
4471 446
4486 474
4502 449
4517 473
4533 452
4548 486
4564 463
4579 487
4595 464
4611 459
4626 482
4642 471
4657 486
4673 482
4689 467
4704 481
4720 481
4736 472
4752 537
4767 475
4783 501
4799 478
4815 479
4830 501
4846 483
4862 504
4878 518
4894 492
4910 520
4925 502
4941 496
4957 547
4973 495
4989 517
5005 505
5021 506
5037 514
5053 525
5069 514
5085 524
5101 517
5117 517
5133 528
5149 526
5165 553
5182 438
5198 365
5214 364
5230 364
5246 370
5262 363
5278 381
5295 381
5311 381
5327 366
5343 376
5360 373
5376 377
5392 381
5409 375
5425 392
5441 374
5458 394
5474 378
5490 376
5507 388
5523 384
5540 384
5556 372
5573 316
5589 309
5605 294
5622 303
5638 309
5655 303
5672 306
5688 302
5705 306
5721 303
5738 316
5754 305
5771 309
5788 307
5804 310
5821 309
5838 312
5854 310
5871 318
5888 308
5904 315
5921 322
5938 311
5955 318
5972 323
5988 321
6005 318
6022 328
6039 261
6056 258
6072 263
6089 279
6106 268
6123 261
6140 267
6157 260
6174 268
6191 261
6208 270
6225 266
6242 269
6259 267
6276 270
6293 270
6310 276
6327 276
6344 268
6361 268
6378 283
6395 270
6413 277
6430 271
6447 280
6464 273
6481 281
6498 285
6516 279
6533 291
6550 277
6567 283
6585 284
6602 260
6619 267
6636 258
6654 261
6671 263
6688 260
6706 277
6723 260
6740 267
6758 260
6775 267
6793 261
6810 269
6827 264
6845 268
6862 271
6880 264
6897 272
6915 269
6932 277
6950 272
6967 276
6985 275
7003 283
7020 276
7038 276
7055 281
7073 273
7091 281
7108 277
7126 285
7144 277
7161 280
7179 283
7197 276
7214 284
7232 283
7250 281
7268 284
7285 280
7303 286
7321 299
7339 310
7356 289
7374 292
7392 286
7410 290
7428 289
7446 300
7464 292
7482 292
7499 301
7517 300
7535 322
7553 292
7571 298
7589 298
7607 303
7625 345
7643 358
7661 357
7679 359
7697 361
7715 401
7733 364
7751 366
7770 367
7788 368
7806 368
7824 369
7842 368
7860 387
7878 371
7897 371
7915 373
7933 375
7951 374
7969 376
7988 376
8006 379
8024 401
8042 388
8061 384
8079 382
8097 388
8116 373
8134 384
8152 393
8171 391
8189 385
8207 458
8226 444
8244 444
8263 434
8281 431
8299 439
8318 450
8336 443
8355 445
8373 449
8392 445
8410 449
8429 449
8447 475
8466 455
8485 453
8503 453
8522 455
8540 456
8559 458
8577 478
8596 459
8615 459
8633 458
8652 462
8671 465
8689 464
8708 477
8727 469
8745 472
8764 474
8783 500
8802 491
8820 496
8839 502
8858 487
8877 477
8896 552
8914 514
8933 502
8952 523
8971 501
8990 499
9009 502
9028 502
9047 510
9065 502
9084 550
9103 508
9122 508
9141 507
9160 510
9179 513
9198 525
9217 443
9236 421
9255 460
9274 421
9293 419
9312 419
9331 444
9350 421
9369 419
9389 422
9408 432
9427 438
9446 493
9465 560
9484 569
9503 565
9523 564
9542 581
9561 615
9580 586
9599 572
9619 569
9638 569
9657 570
9676 572
9696 596
9715 575
9734 576
9754 573
9773 580
9792 576
9812 597
9831 580
9850 582
9870 584
9889 582
9908 593
9928 582
9947 586
9967 583
9986 564
10006 477
10025 487
10045 478
10064 483
10084 467
10103 460
10123 459
10142 458
10162 478
10181 460
10201 470
10220 465
10240 462
10259 473
10279 494
10299 477
10318 476
10338 468
10358 475
10377 446
10397 457
10417 450
10436 459
10456 453
10476 455
10495 452
10515 460
10535 456
10555 458
10574 468
10594 465
10614 458
10634 460
10654 460
10673 457
10693 470
10713 470
10733 472
10753 466
10773 468
10792 468
10812 469
10832 468
10852 476
10872 466
10892 472
10912 471
10932 473
10952 471
10972 473
10992 484
11012 483
11032 477
11052 483
11072 476
11092 475
11112 487
11132 492
11152 478
11172 488
11192 481
11212 483
11232 484
11252 489
11273 492
11293 488
11313 484
11333 496
11353 488
11373 487
11394 512
11414 492
11434 492
11454 491
11474 500
11495 495
11515 494
11535 511
11555 497
11576 495
11596 506
11616 500
11637 498
11657 504
11677 508
11698 504
11718 481
11738 484
11759 483
11779 483
11799 505
11820 487
11840 488
11861 487
11881 495
11902 490
11922 506
11942 492
11963 492
11983 490
12004 500
12024 495
12045 494
12065 501
12086 494
12106 505
12127 497
12148 498
12168 506
12189 500
12209 513
12230 509
12251 503
12271 503
12292 501
12312 513
12333 513
12354 507
12374 505
12395 516
12416 510
12436 510
12457 517
12478 510
12499 511
12519 512
12540 511
12561 521
12582 515
12602 533
12623 516
12644 516
12665 519
12686 515
12706 527
12727 529
12748 523
12769 521
12790 524
12811 524
12832 525
12852 533
12873 532
12894 526
12915 527
12936 525
12957 536
12978 544
12999 531
13020 531
13041 529
13062 540
13083 534
13104 534
13125 540
13146 543
13167 536
13188 537
13209 538
13230 536
13251 553
13272 544
13294 542
13315 552
13336 545
13357 543
13378 566
13399 548
13420 581
13441 548
13463 542
13484 550
13505 559
13526 543
13547 544
13569 599
13590 716
13611 716
13632 665
13654 582
13675 548
13696 548
13717 549
13739 552
13760 551
13781 553
13803 553
13824 554
13845 563
13867 558
13888 557
13909 557
13931 557
13952 558
13974 568
13995 560
14016 600
14038 562
14059 562
14081 563
14102 580
14124 564
14145 564
14167 565
14188 566
14210 567
14231 573
14253 569
14274 569
14296 571
14317 584
14339 573
14360 579
14382 574
14404 575
14425 575
14447 577
14468 607
14490 581
14512 580
14533 580
14555 581
14577 582
14598 592
14620 584
14642 588
14663 593
14685 606
14707 603
14728 599
14750 595
14772 605
14794 600
14815 600
14837 606
14859 608
14881 604
14903 612
14924 605
14946 613
14968 605
14990 614
15012 608
15034 610
15055 608
15077 615
15099 618
15121 612
15143 610
15165 621
15187 623
15209 616
15231 614
15253 627
15275 631
15297 636
15318 622
15340 624
15362 623
15384 749
15406 751
15428 733
15450 814
15473 766
15495 781
15517 768
15539 772
15561 766
15583 767
15605 775
15627 766
15649 769
15671 773
15693 780
15715 815
15738 779
15760 773
15782 785
15804 778
15826 748
15848 745
15871 753
15893 747
15915 747
15937 749
15959 792
15982 758
16004 753
16026 753
16048 750
16071 761
16093 755
16115 758
16138 756
16160 764
16182 757
16205 757
16227 758
16249 762
16272 800
16294 762
16316 764
16339 763
16361 774
16383 770
16406 835
16428 822
16451 796
16473 713
16496 710
16518 712
16541 717
16563 713
16585 715
16608 715
16630 716
16653 725
16675 751
16698 718
16720 718
16743 727
16766 720
16788 720
16811 729
16833 723
16856 752
16878 801
16901 728
16924 728
16946 769
16969 773
16991 774
17014 756
17037 752
17059 763
17082 741
17105 743
17127 741
17150 752
17173 745
17196 766
17218 756
17241 756
17264 755
17286 750
17309 747
17332 757
17355 760
17377 754
17400 752
17423 762
17446 761
17469 765
17492 757
17514 756
17537 768
17560 759
17583 761
17606 761
17629 771
17651 772
17674 763
17697 770
17720 757
17743 767
17766 760
17789 760
17812 760
17835 767
17858 762
17881 763
17904 763
17927 766
17950 777
17973 767
17996 769
18019 770
18042 788
18065 771
18088 771
18111 771
18134 778
18157 791
18180 776
18203 777
18226 784
18249 777
18272 777
18295 778
18319 780
18342 791
18365 805
18388 804
18411 796
18434 807
18458 834
18481 812
18504 795
18527 802
18550 804
18573 798
18597 799
18620 803
18643 812
18666 811
18690 801
18713 816
18736 806
18759 833
18783 814
18806 816
18829 807
18853 810
18876 811
18899 819
18923 813
18946 814
18969 815
18993 818
19016 823
19039 816
19063 827
19086 826
19110 830
19133 827
19157 820
19180 840
19203 826
19227 825
19250 823
19274 838
19297 827
19321 826
19344 833
19368 833
19391 828
19415 833
19438 831
19462 844
19485 835
19509 836
19532 841
19556 843
19579 850
19603 835
19627 841
19650 847
19674 847
19697 841
19721 841
19745 848
19768 854
19792 847
19816 850
19839 856
19863 853
19887 868
19910 866
19934 844
19958 885
19981 861
20005 856
20029 892
20052 907
20076 896
20100 857
20124 849
20147 851
20171 851
20195 859
20219 852
20243 853
20266 860
20290 856
20314 890
20338 858
20362 865
20385 858
20409 858
20433 861
20457 870
20481 879
20505 865
20529 865
20553 875
20576 868
20600 867
20624 868
20648 873
20672 871
20696 871
20720 875
20744 873
20768 874
20792 873
20816 879
20840 877
20864 877
20888 878
20912 883
20936 882
20960 899
20984 883
21008 889
21032 885
21056 885
21080 889
21104 887
21128 888
21153 889
21177 894
21201 891
21225 891
21249 891
21273 897
21297 901
21321 922
21346 905
21370 918
21394 907
21418 904
21442 952
21466 941
21491 935
21515 902
21539 908
21563 906
21588 910
21612 911
21636 907
21660 908
21685 909
21709 914
21733 912
21757 912
21782 918
21806 914
21830 930
21855 916
21879 920
21903 916
21928 917
21952 917
21976 924
22001 921
22025 922
22049 926
22074 923
22098 924
22123 925
22147 930
22171 926
22196 928
22220 936
22245 944
22269 930
22294 932
22318 937
22343 933
22367 933
22392 939
22416 936
22441 937
22465 922
22490 947
22514 942
22539 942
22563 949
22588 943
22612 944
22637 946
22661 957
22686 967
22711 949
22735 957
22760 974
22784 972
22809 968
22834 979
22858 1011
22883 964
22908 980
22932 967
22957 964
22982 975
23006 972
23031 966
23056 979
23080 997
23105 1016
23130 974
23154 979
23179 984
23204 976
23229 976
23253 991
23278 979
23303 978
23328 986
23353 991
23377 983
23402 987
23427 989
23452 985
23477 986
23501 999
23526 1000
23551 992
23576 998
23601 999
23626 993
23650 1005
23675 992
23700 1002
23725 1002
23750 1000
23775 997
23800 1006
23825 1017
23850 1000
23875 1000
23900 1005
23925 1024
23950 1006
23975 1015
23999 1027
24024 1015
24049 1039
24074 1047
24099 1011
24124 1051
24150 1015
24175 1005
24200 1006
24225 1013
24250 1006
24275 1007
24300 1016
24325 1026
24350 1011
24375 1049
24400 1013
24425 1013
24450 1016
24475 1023
24501 1016
24526 1018
24551 1026
24576 1021
24601 1022
24626 1028
24652 1032
24677 1022
24702 1032
24727 1036
24752 1035
24777 1027
24803 1033
24828 1029
24853 1029
24878 1037
24904 1031
24929 1032
24954 1037
24979 1033
25005 1035
25030 1041
25055 1020
25081 1047
25106 1047
25131 1021
25156 1077
25182 1042
25207 1058
25232 1082
25258 1050
25283 1062
25308 1058
25334 1063
25359 1072
25385 1052
25410 1052
25435 1059
25461 1053
25486 1053
25512 1063
25537 1072
25562 1059
25588 1067
25613 1061
25639 1062
25664 1072
25690 1074
25715 1164
25741 1358
25766 1221
25792 1073
25817 1080
25843 1071
25868 1091
25894 1087
25919 1098
25945 1080
25970 1101
25996 1106
26022 1124
26047 1281
26073 1202
26098 1083
26124 1094
26149 1083
26175 1111
26201 1094
26226 1083
26252 1083
26278 1109
26303 1087
26329 1102
26354 1098
26380 1090
26406 1278
26431 1351
26457 1372
26483 1323
26509 1333
26534 1508
26560 1304
26586 1151
26611 1300
26637 1278
26663 1283
26689 1316
26714 1283
26740 1390
26766 1441
26792 1452
26817 1365
26843 1311
26869 1308
26895 1286
26921 1301
26946 1285
26972 1293
26998 1279
27024 1290
27050 1334
27076 1304
27102 1306
27127 1366
27153 1386
27179 1304
27205 1334
27231 1392
27257 1345
27283 1299
27309 1306
27335 1297
27361 1300
27386 1379
27412 1331
27438 1374
27464 1360
27490 1331
27516 1376
27542 1508
27568 1368
27594 1367
27620 1367
27646 1324
27672 1353
27698 1457
27724 1428
27750 1398
27776 1391
27802 1496
27829 1763
27855 1689
27881 1805
27907 1818
27933 1767
27959 1698
27985 1667
28011 1753
28037 1685
28063 1731
28089 1910
28116 1771
28142 1779
28168 1771
28194 1808
28220 1778
28246 1779
28273 1683
28299 1700
28325 1691
28351 1609
28377 1645
28404 1472
28430 1740
28456 1812
28482 1830
28508 1828
28535 1828
28561 2020
28587 1950
28613 1822
28640 1614
28666 1435
28692 1451
28719 1501
28745 1446
28771 1420
28797 1424
28824 1482
28850 1712
28876 1603
28903 1591
28929 1458
28956 1453
28982 1388
29008 1372
29035 1388
29061 1382
29087 1376
29114 1358
29140 1521
29167 1705
29193 1565
29219 1533
29246 1466
29272 1462
29299 1429
29325 1385
29352 1715
29378 1756
29405 1740
29431 1545
29458 1419
29484 1423
29511 1470
29537 1771
29564 1746
29590 1641
29617 1365
29643 1326
29670 1334
29696 1492
29723 1384
29749 1335
29776 1332
29802 1663
29829 1696
29856 1709
29882 1623
29909 1658
29935 1628
29962 1638
29989 1679
30015 1647
30042 1647
30069 1543
30095 1300
30122 1296
30149 1289
30175 1296
30202 1291
30229 1586
30255 1678
30282 1645
30309 1652
30335 1647
30362 1615
30389 1300
30415 1313
30442 1261
30469 1297
30496 1313
30522 1248
30549 1256
30576 1250
30603 1250
30630 1259
30656 1267
30683 1258
30710 1262
30737 1257
30764 1263
30790 1260
30817 1260
30844 1266
30871 1261
30898 1267
30925 1264
30951 1265
30978 1270
31005 1283
31032 1302
31059 1289
31086 1345
31113 1497
31140 1416
31167 1414
31194 1396
31220 1396
31247 1404
31274 1394
31301 1403
31328 1397
31355 1410
31382 1403
31409 1399
31436 1406
31463 1404
31490 1463
31517 1409
31544 1416
31571 1418
31598 1395
31625 1415
31652 1408
31679 1419
31706 1419
31733 1422
31760 1415
31787 1417
31815 1382
31842 1302
31869 1314
31896 1332
31923 1314
31950 1321
31977 1304
32004 1312
32031 1319
32058 1335
32086 1322
32113 1314
32140 1327
32167 1319
32194 1372
32221 1322
32249 1314
32276 1322
32303 1333
32330 1370
32357 1325
32385 1319
32412 1327
32439 1321
32466 1363
32493 1332
32521 1325
32548 1332
32575 1325
32603 1414
32630 1385
32657 1351
32684 1343
32712 1333
32739 1435
32766 1337
32794 1471
32821 1457
32848 1447
32875 1546
32903 1477
32930 1639
32958 1566
32985 1821
33012 1680
33040 1568
33067 1519
33094 1606
33122 1602
33149 1558
33177 1573
33204 1572
33231 1798
33259 1725
33286 1670
33314 1598
33341 1678
33369 1696
33396 1597
33423 1542
33451 1614
33478 1792
33506 1689
33533 1827
33561 1831
33588 1637
33616 1611
33643 1706
33671 1616
33698 1644
33726 1648
33753 1627
33781 1676
33809 1769
33836 1822
33864 1751
33891 1888
33919 1672
33946 1741
33974 1672
34002 1725
34029 1726
34057 1810
34084 1973
34112 1992
34140 1796
34167 1768
34195 1766
34222 1641
34250 1650
34278 1659
34305 1833
34333 1866
34361 1774
34388 1941
34416 1778
34444 1662
34472 1731
34499 1668
34527 1701
34555 1727
34582 1912
34610 1811
34638 2064
34666 1996
34693 1717
34721 1815
34749 1756
34777 1787
34804 1740
34832 2086
34860 1828
34888 1758
34916 1827
34943 1747
34971 1707
34999 1719
35027 1742
35055 1701
35083 1680
35110 1707
35138 1721
35166 1624
35194 1622
35222 1616
35250 1644
35278 1642
35306 1645
35333 1660
35361 1700
35389 1670
35417 1658
35445 1626
35473 1642
35501 1629
35529 1669
35557 1617
35585 1644
35613 1717
35641 1668
35669 1667
35697 1727
35725 1645
35753 1646
35781 1643
35809 1654
35837 1651
35865 1660
35893 1658
35921 1650
35949 1652
35977 1649
36005 1639
36033 1661
36061 1586
36089 1587
36117 1588
36145 1599
36173 1583
36201 1603
36229 1593
36258 1602
36286 1593
36314 1599
36342 1601
36370 1606
36398 1595
36426 1602
36454 1611
36483 1611
36511 1683
36539 1646
36567 1634
36595 1622
36624 1717
36652 1709
36680 1652
36708 1649
36736 1627
36765 1621
36793 1626
36821 1631
36849 1625
36877 1630
36906 1625
36934 1632
36962 1624
36990 1638
37019 1630
37047 1628
37075 1636
37104 1636
37132 1637
37160 1646
37188 1629
37217 1635
37245 1635
37273 1646
37302 1648
37330 1644
37358 1639
37387 1650
37415 1645
37444 1739
37472 1655
37500 1664
37529 1738
37557 1655
37585 1652
37614 1652
37642 1642
37671 1668
37699 1682
37728 1668
37756 1659
37784 1656
37813 1654
37841 1682
37870 1658
37898 1670
37927 1659
37955 1665
37984 1668
38012 1678
38041 1665
38069 1681
38098 1677
38126 1674
38155 1673
38183 1673
38212 1674
38240 1672
38269 1677
38297 1679
38326 1762
38354 1691
38383 1759
38412 1929
38440 1694
38469 1691
38497 1720
38526 1681
38554 1687
38583 1688
38612 1722
38640 1693
38669 1685
38698 1696
38726 1742
38755 1683
38784 1693
38812 1698
38841 1705
38870 1737
38898 1705
38927 1700
38956 1712
38984 1757
39013 1716
39042 1714
39070 1716
39099 1738
39128 1723
39157 1710
39185 1719
39214 1977
39243 1760
39272 1769
39300 1816
39329 1804
39358 1709
39387 1709
39415 1728
39444 1726
39473 1728
39502 1711
39531 1768
39559 1721
39588 1708
39617 1717
39646 1750
39675 1716
39704 1710
39732 1719
39761 1765
39790 1726
39819 1721
39848 1711
39877 1753
39906 1727
39934 1727
39963 1719
39992 1771
40021 1723
40050 1825
40079 1757
40108 1829
40137 1804
40166 1743
40195 1732
40224 1782
40253 1729
40282 1770
40311 1737
40340 1789
40369 1742
40398 1737
40427 1769
40456 1758
40485 1748
40514 1753
40543 1824
40572 1745
40601 1752
40630 1760
40659 1816
40688 1749
40717 1754
40746 1750
40775 1809
40804 1755
40833 1753
40862 1849
40891 1823
40920 1821
40949 1809
40978 1776
41008 1810
41037 1770
41066 1762
41095 1773
41124 1799
41153 1790
41182 1779
41212 1791
41241 1787
41270 1770
41299 1781
41328 1815
41357 1794
41387 1775
41416 1800
41445 1848
41474 1838
41503 1797
41533 1780
41562 1837
41591 1785
41620 1791
41650 1820
41679 1908
41708 1932
41737 1971
41767 1985
41796 1961
41825 1886
41854 1896
41884 1910
41913 1884
41942 1923
41972 2006
42001 1937
42030 1928
42059 2179
42089 2125
42118 1943
42147 1943
42177 2037
42206 2019
42236 2025
42265 2120
42294 2222
42324 2132
42353 2085
42382 2086
42412 2045
42441 2083
42471 2140
42500 2188
42529 2228
42559 2229
42588 2155
42618 1999
42647 2087
42677 2075
42706 2018
42736 2084
42765 2166
42794 2058
42824 2082
42853 2212
42883 2228
42912 2304
42942 2184
42971 2411
43001 2658
43030 2410
43060 2222
43089 2192
43119 2140
43148 2380
43178 2682
43208 2708
43237 2787
43267 2214
43296 2184
43326 2276
43355 2246
43385 2511
43415 2466
43444 2537
43474 2289
43503 2251
43533 2120
43563 2072
43592 2491
43622 2774
43651 2395
43681 2287
43711 2158
43740 2137
43770 2188
43800 2344
43829 2333
43859 2697
43889 2359
43918 2347
43948 2320
43978 2232
44008 2602
44037 2787
44067 2343
44097 2355
44126 2208
44156 2179
44186 2176
44216 2362
44245 2224
44275 2222
44305 2396
44335 2220
44364 2173
44394 2175
44424 2334
44454 2293
44484 2265
44513 2211
44543 2313
44573 2212
44603 2314
44633 2281
44662 2391
44692 2278
44722 2193
44752 2224
44782 2192
44812 2166
44842 2127
44871 2519
44901 2302
44931 2204
44961 2696
44991 2675
45021 2716
45051 2790
45081 2909
45111 2542
45141 2138
45170 2121
45200 2109
45230 2237
45260 2320
45290 2552
45320 2332
45350 2261
45380 2225
45410 2241
45440 2220
45470 2332
45500 2620
45530 2388
45560 2233
45590 2219
45620 2174
45650 2129
45680 2232
45710 2451
45740 2371
45770 2252
45800 2252
45830 2134
45860 2111
45890 2204
45920 2774
45951 2483
45981 2279
46011 2829
46041 2864
46071 2870
46101 2992
46131 2864
46161 2906
46191 2871
46221 2967
46252 3027
46282 3024
46312 3084
46342 2971
46372 2873
46402 2725
46432 2490
46463 3218
46493 3297
46523 3241
46553 3236
46583 2671
46614 2971
46644 2723
46674 2470
46704 2392
46734 2409
46765 2455
46795 2532
46825 2594
46855 2428
46886 2300
46916 2296
46946 2281
46976 2251
47007 2529
47037 2518
47067 2340
47097 2326
47128 2361
47158 2320
47188 2260
47219 2465
47249 2357
47279 2223
47310 2186
47340 2115
47370 2120
47401 2148
47431 2343
47461 2383
47492 2296
47522 2209
47552 2127
47583 2124
47613 2141
47644 2208
47674 2331
47704 2281
47735 2566
47765 2541
47796 2575
47826 2133
47856 2189
47887 2339
47917 2280
47948 2143
47978 2131
48009 2128
48039 2221
48069 2132
48100 2376
48130 2288
48161 2186
48191 2521
48222 2724
48252 2718
48283 2836
48313 2909
48344 2829
48374 2623
48405 2161
48435 2194
48466 2169
48497 2301
48527 2524
48558 2333
48588 2266
48619 2145
48649 2153
48680 2151
48710 2286
48741 2793
48772 2833
48802 2749
48833 2158
48863 2165
48894 2188
48925 2355
48955 2550
48986 2274
49017 2183
49047 2163
49078 2188
49108 2215
49139 2397
49170 2646
49200 2649
49231 2326
49262 2808
49292 2776
49323 2867
49354 2952
49385 2487
49415 2358
49446 2178
49477 2186
49507 2212
49538 2263
49569 2373
49600 2367
49630 2223
49661 2210
49692 2301
49723 2596
49753 3097
49784 2641
49815 2381
49846 2305
49876 2284
49907 2224
49938 2240
49969 2371
50000 2503
50031 2381
50061 2330
50092 2239
50123 2221
50154 2219
50185 2355
50215 2563
50246 2606
50277 2387
50308 2339
50339 2332
50370 2394
50401 2548
50432 2633
50462 2480
50493 2400
50524 2356
50555 2336
50586 2400
50617 2637
50648 2648
50679 2369
50710 2343
50741 2339
50772 2265
50803 2361
50834 2585
50864 2406
50895 2255
50926 2323
50957 2245
50988 2265
51019 2351
51050 2476
51081 2471
51112 2396
51143 2428
51174 2436
51205 2348
51236 2376
51267 2514
51298 2513
51330 2348
51361 2368
51392 2289
51423 2260
51454 2470
51485 2664
51516 2496
51547 2383
51578 2378
51609 2289
51640 2306
51671 2484
51702 2607
51734 2486
51765 2395
51796 2363
51827 2384
51858 2341
51889 2703
51920 2576
51951 2458
51983 2446
52014 2433
52045 2366
52076 2375
52107 2586
52138 2607
52170 2589
52201 2444
52232 2464
52263 2322
52294 2516
52326 2488
52357 2423
52388 2313
52419 2333
52450 2320
52482 2378
52513 2377
52544 2523
52575 2473
52607 2461
52638 2334
52669 2330
52701 2390
52732 2447
52763 2372
52794 2371
52826 2323
52857 2376
52888 2337
52920 2348
52951 2445
52982 2332
53014 2339
53045 2386
53076 2329
53108 2330
53139 2324
53170 2367
53202 2374
53233 2428
53264 2943
53296 2992
53327 2858
53359 2468
53390 2466
53421 2380
53453 2356
53484 2397
53516 2357
53547 2345
53578 2534
53610 2270
53641 2274
53673 2271
53704 2266
53736 2278
53767 2270
53798 2302
53830 2326
53861 2385
53893 2707
53924 2405
53956 2382
53987 2302
54019 2321
54050 2298
54082 2315
54113 2345
54145 2320
54176 2304
54208 2338
54239 2426
54271 2652
54303 2377
54334 2283
54366 2305
54397 2313
54429 2279
54460 2277
54492 2287
54523 2281
54555 2278
54587 2366
54618 2333
54650 2392
54681 2608
54713 2445
54745 2398
54776 2396
54808 2421
54840 2436
54871 2399
54903 2396
54934 2457
54966 2346
54998 2310
55029 2357
55061 2326
55093 2314
55124 2376
55156 2322
55188 2316
55220 2372
55251 2331
55283 2355
55315 2337
55346 2396
55378 2440
55410 2399
55442 2356
55473 2350
55505 2364
55537 2358
55568 2452
55600 2356
55632 2334
55664 2397
55696 2350
55727 2337
55759 2386
55791 2390
55823 2356
55854 2357
55886 2338
55918 2357
55950 2354
55982 2351
56014 2424
56045 2388
56077 2433
56109 2363
56141 2366
56173 2366
56205 2450
56236 2447
56268 2377
56300 2442
56332 2401
56364 2391
56396 2387
56428 2379
56460 2412
56492 2383
56523 2382
56555 2411
56587 2432
56619 2374
56651 2442
56683 2506
56715 2461
56747 2515
56779 2434
56811 2393
56843 2384
56875 2449
56907 2406
56939 2448
56971 2389
57003 2408
57035 2424
57067 2405
57099 2446
57131 2462
57163 2410
57195 2401
57227 2420
57259 2415
57291 2409
57323 2442
57355 2449
57387 2504
57419 2427
57451 2429
57483 2421
57515 2413
57547 2448
57579 2410
57611 2415
57643 2441
57675 2390
57708 2396
57740 2402
57772 2347
57804 2317
57836 2341
57868 2331
57900 2342
57932 2337
57965 2332
57997 2366
58029 2474
58061 2509
58093 2431
58125 2432
58157 2395
58190 2444
58222 2449
58254 2344
58286 2444
58318 2454
58351 2437
58383 2358
58415 2350
58447 2373
58479 2348
58512 2342
58544 2355
58576 2358
58608 2337
58641 2363
58673 2365
58705 2397
58737 2441
58770 2586
58802 2472
58834 2462
58866 2490
58899 2495
58931 2489
58963 2441
58996 2477
59028 2485
59060 2484
59092 2487
59125 2493
59157 2478
59189 2409
59222 2451
59254 2453
59286 2464
59319 2501
59351 2516
59384 2737
59416 2630
59448 2528
59481 2510
59513 2564
59545 2650
59578 2643
59610 2644
59643 2668
59675 2573
59707 2646
59740 2632
59772 2665
59805 2635
59837 2655
59870 2812
59902 2805
59934 2809
59967 2791
59999 2809
60032 2832
60064 2789
60097 2833
60129 2787
60162 2772
60194 2777
60227 2803
60259 2783
60292 2807
60324 2838
60357 2896
60389 2821
60422 2818
60454 2812
60487 2805
60519 2839
60552 2793
60584 2803
60617 2814
60649 2826
60682 2826
60715 2900
60747 2836
60780 2852
60812 3000
60845 3511
60877 3563
60910 3564
60943 3527
60975 3553
61008 3981
61041 3781
61073 3832
61106 3792
61138 3817
61171 3871
61204 3759
61236 3721
61269 3766
61302 3397
61334 3089
61367 3175
61400 3211
61432 3111
61465 3376
61498 3259
61530 3207
61563 3322
61596 3166
61628 3192
61661 3228
61694 3022
61727 3044
61759 2992
61792 3651
61825 3652
61858 3459
61890 3243
61923 3291
61956 3338
61989 3358
62021 3162
62054 3180
62087 3384
62120 3446
62152 3461
62185 3457
62218 3338
62251 3400
62284 3662
62316 3558
62349 3295
62382 3246
62415 3287
62448 3488
62480 3480
62513 3485
62546 3233
62579 3336
62612 3531
62645 3290
62678 3295
62710 3158
62743 3250
62776 3380
62809 3426
62842 3258
62875 3248
62908 3119
62941 3326
62974 3290
63006 3543
63039 3013
63072 3103
63105 3560
63138 3329
63171 3054
63204 2979
63237 2970
63270 3446
63303 3673
63336 3247
63369 3252
63402 3313
63435 3458
63468 3292
63501 3245
63534 3205
63567 3182
63600 3453
63633 3259
63666 3194
63699 3026
63732 3080
63765 3280
63798 3509
63831 3227
63864 3077
63897 3105
63930 3311
63963 3355
63996 3269
64029 3180
64062 3047
64095 3737
64128 3516
64161 3009
64195 2914
64228 2957
64261 3067
64294 3243
64327 2976
64360 2968
64393 2957
64426 3111
64459 3353
64493 3114
64526 3069
64559 3069
64592 3049
64625 3125
64658 3399
64691 3263
64725 3132
64758 3059
64791 3254
64824 3449
64857 3141
64891 3174
64924 3126
64957 3674
64990 3395
65023 3218
65057 3170
65090 3364
65123 3462
65156 3563
65189 3187
65223 3156
65256 3108
65289 3412
65322 3404
65356 3178
65389 3064
65422 3043
65456 3219
65489 3292
65522 3213
65555 3595
65589 3557
65622 3809
65655 3777
65689 3441
65722 3282
65755 3463
65788 3675
65822 3616
65855 3288
65888 3233
65922 3604
65955 3701
65989 3632
66022 3452
66055 3353
66089 3722
66122 3428
66155 3477
66189 3286
66222 3353
66255 3720
66289 3771
66322 3308
66356 3253
66389 3330
66423 3944
66456 3446
66489 3338
66523 3455
66556 3675
66590 3729
66623 3580
66657 3409
66690 3409
66723 3616
66757 3766
66790 3417
66824 3281
66857 3540
66891 3860
66924 3474
66958 3321
66991 3243
67025 3609
67058 3769
67092 3591
67125 3501
67159 3517
67192 3641
67226 3647
67259 3545
67293 3465
67326 3973
67360 4233
67394 3512
67427 3609
67461 3478
67494 4303
67528 4279
67561 4254
67595 4244
67629 3950
67662 4211
67696 3847
67729 4270
67763 4382
67797 3969
67830 4013
67864 3924
67897 4330
67931 4783
67965 4105
67998 4259
68032 4065
68066 4141
68099 4256
68133 4250
68167 3922
68200 3769
68234 4129
68268 4126
68301 3773
68335 3740
68369 4430
68402 3879
68436 4113
68470 4065
68503 3843
68537 3974
68571 3994
68605 3898
68638 4114
68672 3688
68706 3995
68739 3673
68773 3615
68807 3659
68841 3734
68874 3630
68908 3954
68942 3630
68976 3427
69010 3808
69043 3436
69077 3360
69111 3269
69145 3400
69179 3576
69212 3343
69246 3313
69280 3314
69314 3505
69348 3696
69381 3477
69415 3298
69449 3239
69483 3671
69517 3384
69551 3482
69585 3402
69618 3272
69652 3651
69686 3404
69720 3268
69754 3383
69788 3370
69822 3605
69856 3382
69889 3268
69923 3264
69957 3327
69991 3635
70025 3376
70059 3484
70093 3317
70127 3383
70161 3570
70195 3309
70229 3278
70263 3401
70297 3555
70331 3896
70365 3363
70399 3385
70433 3375
70467 3606
70500 3382
70534 3852
70568 3444
70602 3307
70636 3741
70670 3390
70705 3287
70739 3539
70773 3435
70807 3779
70841 3397
70875 3731
70909 3888
70943 4273
70977 3938
71011 4040
71045 4345
71079 4372
71113 4088
71147 4387
71181 3982
71215 4486
71249 4442
71283 4202
71318 4417
71352 4984
71386 4976
71420 4757
71454 4474
71488 4679
71522 4710
71556 4749
71591 4291
71625 4843
71659 4375
71693 4179
71727 3602
71761 3606
71795 4035
71830 3879
71864 3859
71898 3753
71932 3893
71966 3635
72000 3732
72035 3552
72069 3474
72103 3474
72137 3584
72172 3565
72206 3482
72240 3649
72274 3513
72308 3596
72343 3423
72377 3372
72411 3472
72445 3375
72480 3250
72514 3288
72548 3226
72582 3279
72617 3251
72651 3393
72685 3477
72720 3327
72754 4330
72788 4436
72822 4381
72857 4522
72891 4364
72925 4362
72960 4358
72994 4603
73028 4267
73063 3727
73097 4126
73131 4937
73166 4831
73200 4719
73234 3592
73269 3542
73303 3429
73338 3441
73372 3550
73406 3792
73441 3462
73475 3531
73509 3577
73544 3551
73578 3673
73613 3685
73647 3733
73682 4370
73716 3786
73750 4139
73785 4162
73819 4491
73854 4248
73888 3980
73923 4968
73957 4574
73991 4080
74026 4607
