0 3
1 0
2 0
4 0
6 0
9 0
12 0
15 0
18 0
21 0
25 0
28 0
32 0
36 0
40 0
44 0
48 0
52 0
57 0
61 0
66 0
70 0
75 0
80 0
85 0
90 0
95 0
100 0
106 1
111 1
116 1
122 1
127 1
133 1
139 1
145 1
150 1
156 1
162 1
168 1
174 4
181 1
187 1
193 1
199 1
206 2
212 1
219 2
225 2
232 2
239 2
245 2
252 2
259 2
266 2
273 2
280 2
287 2
294 2
301 2
308 4
315 2
323 3
330 2
337 3
345 3
352 3
360 3
367 3
375 3
382 3
390 3
398 3
406 3
413 3
421 3
429 4
437 5
445 4
453 4
461 4
469 4
477 4
486 4
494 4
502 4
510 4
519 4
527 4
535 5
544 5
552 5
561 7
570 5
578 5
587 5
595 5
604 5
613 5
622 5
630 5
639 5
648 6
657 6
666 6
675 6
684 6
693 8
702 6
711 6
721 6
730 6
739 7
748 6
757 7
767 7
776 7
786 7
795 7
804 7
814 10
823 7
833 7
843 8
852 8
862 8
872 8
881 8
891 8
901 8
911 8
920 8
930 9
940 8
950 10
960 9
970 9
980 9
990 9
1000 9
1010 9
1020 9
1030 9
1041 9
1051 10
1061 10
1071 12
1082 10
1092 10
1102 10
1113 10
1123 10
1133 10
1144 10
1154 10
1165 10
1175 10
1186 11
1197 11
1207 12
1218 11
1229 11
1239 11
1250 11
1261 11
1271 11
1282 12
1293 11
1304 11
1315 12
1326 15
1337 12
1348 12
1359 12
1370 13
1381 12
1392 13
1403 24
1414 13
1425 13
1436 13
1447 13
1459 16
1470 13
1481 13
1492 14
1504 14
1515 13
1526 14
1538 14
1549 14
1561 14
1572 14
1584 17
1595 15
1607 14
1618 15
1630 14
1641 14
1653 15
1665 15
1676 15
1688 15
1700 15
1711 19
1723 15
1735 16
1747 16
1759 16
1770 16
1782 16
1794 16
1806 16
1818 17
1830 17
1842 23
1854 17
1866 17
1878 17
1890 17
1902 18
1914 18
1927 16
1939 16
1951 17
1963 17
1975 20
1988 17
2000 17
2012 17
2024 17
2037 18
2049 17
2062 19
2074 19
2086 20
2099 23
2111 20
2124 20
2136 20
2149 19
2161 19
2174 19
2186 19
2199 19
2212 19
2224 23
2237 19
2250 20
2262 20
2275 20
2288 20
2301 20
2314 20
2326 21
2339 21
2352 27
2365 22
2378 23
2391 22
2404 23
2417 22
2430 23
2443 23
2456 24
2469 24
2482 27
2495 24
2508 24
2521 24
2534 24
2547 24
2560 25
2574 24
2587 25
2600 24
2613 27
2627 25
2640 26
2653 25
2666 26
2680 26
2693 26
2707 26
2720 26
2733 26
2747 29
2760 25
2774 25
2787 27
2801 27
2814 27
2828 27
2841 37
2855 27
2869 30
2882 28
2896 28
2910 28
2923 28
2937 28
2951 28
2964 28
2978 28
2992 33
3006 29
3020 29
3033 28
3047 28
3061 27
3075 28
3089 29
3103 29
3117 29
3131 32
3145 28
3159 29
3173 29
3187 30
3201 30
3215 30
3229 30
3243 30
3257 32
3271 30
3285 30
3299 30
3314 31
3328 31
3342 31
3356 31
3371 31
3385 34
3399 32
3413 32
3428 32
3442 33
3456 33
3471 32
3485 33
3500 32
3514 34
3528 32
3543 33
3557 33
3572 33
3586 34
3601 35
3615 34
3630 39
3644 34
3659 34
3674 36
3688 35
3703 34
3718 35
3732 35
3747 34
3762 41
3776 35
3791 35
3806 36
3821 36
3835 36
3850 37
3865 36
3880 36
3895 43
3910 37
3924 37
3939 38
3954 37
3969 47
3984 37
3999 37
4014 45
4029 37
4044 38
4059 37
4074 38
4089 38
4104 39
4119 38
4135 39
4150 41
4165 40
4180 40
4195 39
4210 40
4225 39
4241 38
4256 39
4271 46
4286 40
4302 40
4317 39
4332 39
4348 39
4363 40
4378 40
4394 40
4409 44
4425 40
4440 40
4455 41
4471 41
4486 41
4502 41
4517 42
4533 45
4548 41
4564 42
4579 42
4595 42
4611 43
4626 42
4642 43
4657 49
4673 43
4689 44
4704 45
4720 45
4736 43
4752 44
4767 45
4783 51
4799 44
4815 45
4830 46
4846 45
4862 46
4878 45
4894 46
4910 54
4925 47
4941 52
4957 46
4973 47
4989 47
5005 48
5021 49
5037 47
5053 56
5069 48
5085 43
5101 50
5117 50
5133 50
5149 50
5165 50
5182 74
5198 51
5214 52
5230 53
5246 49
5262 52
5278 53
5295 58
5311 53
5327 54
5343 53
5360 54
5376 53
5392 54
5409 53
5425 59
5441 52
5458 54
5474 55
5490 53
5507 55
5523 55
5540 55
5556 61
5573 56
5589 53
5605 56
5622 57
5638 56
5655 57
5672 57
5688 77
5705 59
5721 59
5738 59
5754 59
5771 59
5788 66
5804 60
5821 63
5838 60
5854 60
5871 61
5888 60
5904 59
5921 61
5938 66
5955 61
5972 61
5988 62
6005 62
6022 62
6039 62
6056 62
6072 65
6089 63
6106 63
6123 63
6140 63
6157 63
6174 64
6191 70
6208 64
6225 64
6242 64
6259 65
6276 65
6293 65
6310 65
6327 68
6344 65
6361 65
6378 66
6395 66
6413 66
6430 66
6447 74
6464 67
6481 66
6498 67
6516 67
6533 68
6550 68
6567 65
6585 66
6602 66
6619 64
6636 65
6654 66
6671 64
6688 70
6706 75
6723 67
6740 69
6758 66
6775 69
6793 69
6810 69
6827 68
6845 74
6862 71
6880 70
6897 69
6915 70
6932 71
6950 71
6967 74
6985 71
7003 72
7020 71
7038 70
7055 72
7073 72
7091 79
7108 71
7126 73
7144 73
7161 73
7179 71
7197 72
7214 79
7232 83
7250 72
7268 73
7285 70
7303 73
7321 74
7339 77
7356 76
7374 69
7392 71
7410 70
7428 72
7446 72
7464 72
7482 78
7499 71
7517 80
7535 80
7553 74
7571 74
7589 75
7607 81
7625 74
7643 72
7661 76
7679 79
7697 79
7715 80
7733 84
7751 78
7770 77
7788 77
7806 79
7824 75
7842 80
7860 84
7878 80
7897 77
7915 80
7933 80
7951 81
7969 80
7988 86
8006 82
8024 79
8042 81
8061 81
8079 82
8097 82
8116 87
8134 83
8152 81
8171 83
8189 83
8207 83
8226 83
8244 88
8263 84
8281 84
8299 84
8318 86
8336 84
8355 84
8373 90
8392 83
8410 85
8429 85
8447 84
8466 86
8485 86
8503 90
8522 86
8540 86
8559 104
8577 86
8596 87
8615 88
8633 90
8652 88
8671 90
8689 86
8708 88
8727 88
8745 87
8764 92
8783 88
8802 89
8820 89
8839 89
8858 90
8877 90
8896 93
8914 90
8933 91
8952 90
8971 91
8990 92
9009 99
9028 91
9047 92
9065 91
9084 91
9103 92
9122 92
9141 96
9160 109
9179 93
9198 91
9217 93
9236 94
9255 92
9274 98
9293 95
9312 93
9331 94
9350 93
9369 92
9389 96
9408 102
9427 95
9446 97
9465 95
9484 96
9503 98
9523 102
9542 96
9561 97
9580 96
9599 97
9619 98
9638 98
9657 113
9676 94
9696 96
9715 96
9734 103
9754 96
9773 97
9792 99
9812 96
9831 109
9850 95
9870 94
9889 94
9908 101
9928 96
9947 94
9967 95
9986 96
10006 96
10025 95
10045 97
10064 97
10084 97
10103 95
10123 97
10142 98
10162 105
10181 97
10201 97
10220 98
10240 100
10259 96
10279 98
10299 101
10318 107
10338 100
10358 124
10377 99
10397 100
10417 108
10436 99
10456 98
10476 101
10495 102
10515 99
10535 101
10555 103
10574 101
10594 103
10614 100
10634 102
10654 102
10673 111
10693 104
10713 101
10733 114
10753 99
10773 100
10792 98
10812 101
10832 99
10852 102
10872 101
10892 111
10912 102
10932 107
10952 102
10972 103
10992 101
11012 102
11032 102
11052 103
11072 108
11092 103
11112 104
11132 102
11152 104
11172 104
11192 108
11212 105
11232 105
11252 105
11273 116
11293 127
11313 124
11333 105
11353 108
11373 105
11394 107
11414 106
11434 108
11454 137
11474 106
11495 108
11515 105
11535 107
11555 107
11576 111
11596 109
11616 109
11637 109
11657 107
11677 109
11698 115
11718 109
11738 108
11759 110
11779 111
11799 110
11820 111
11840 112
11861 111
11881 109
11902 111
11922 110
11942 111
11963 115
11983 112
12004 117
12024 111
12045 112
12065 111
12086 116
12106 109
12127 110
12148 113
12168 113
12189 113
12209 124
12230 113
12251 114
12271 115
12292 114
12312 117
12333 115
12354 119
12374 114
12395 127
12416 111
12436 113
12457 111
12478 115
12499 112
12519 114
12540 141
12561 111
12582 110
12602 114
12623 112
12644 112
12665 113
12686 113
12706 113
12727 116
12748 113
12769 114
12790 114
12811 113
12832 115
12852 120
12873 114
12894 114
12915 117
12936 111
12957 116
12978 122
12999 115
13020 113
13041 143
13062 113
13083 136
13104 130
13125 122
13146 116
13167 117
13188 115
13209 117
13230 130
13251 117
13272 118
13294 121
13315 116
13336 118
13357 113
13378 118
13399 118
13420 119
13441 119
13463 120
13484 119
13505 122
13526 119
13547 119
13569 120
13590 119
13611 137
13632 122
13654 121
13675 119
13696 121
13717 119
13739 121
13760 123
13781 122
13803 121
13824 122
13845 121
13867 123
13888 123
13909 124
13931 122
13952 124
13974 122
13995 124
14016 126
14038 126
14059 124
14081 124
14102 125
14124 129
14145 127
14167 125
14188 126
14210 124
14231 127
14253 125
14274 130
14296 127
14317 127
14339 127
14360 126
14382 142
14404 126
14425 128
14447 126
14468 128
14490 128
14512 144
14533 125
14555 130
14577 129
14598 129
14620 129
14642 155
14663 128
14685 131
14707 129
14728 131
14750 131
14772 136
14794 131
14815 131
14837 132
14859 130
14881 133
14903 134
14924 131
14946 133
14968 131
14990 133
15012 132
15034 137
15055 126
15077 135
15099 132
15121 136
15143 160
15165 144
15187 142
15209 135
15231 136
15253 135
15275 138
15297 138
15318 138
15340 136
15362 136
15384 137
15406 155
15428 139
15450 141
15473 142
15495 137
15517 139
15539 146
15561 137
15583 141
15605 148
15627 140
15649 138
15671 137
15693 139
15715 140
15738 140
15760 146
15782 145
15804 145
15826 141
15848 139
15871 141
15893 141
15915 141
15937 147
15959 140
15982 143
16004 141
16026 143
16048 156
16071 140
16093 152
16115 143
16138 142
16160 145
16182 146
16205 143
16227 145
16249 143
16272 145
16294 145
16316 146
16339 146
16361 149
16383 146
16406 146
16428 145
16451 150
16473 146
16496 145
16518 148
16541 147
16563 159
16585 149
16608 147
16630 147
16653 149
16675 148
16698 152
16720 147
16743 145
16766 148
16788 151
16811 148
16833 154
16856 150
16878 148
16901 151
16924 150
16946 162
16969 152
16991 151
17014 167
17037 153
17059 151
17082 154
17105 153
17127 151
17150 151
17173 153
17196 151
17218 156
17241 158
17264 183
17286 158
17309 167
17332 215
17355 226
17377 177
17400 160
17423 170
17446 162
17469 165
17492 163
17514 156
17537 157
17560 155
17583 172
17606 158
17629 157
17651 183
17674 159
17697 158
17720 159
17743 153
17766 159
17789 160
17812 162
17835 167
17858 177
17881 162
17904 164
17927 161
17950 160
17973 175
17996 186
18019 168
18042 150
18065 134
18088 138
18111 140
18134 131
18157 152
18180 146
18203 141
18226 147
18249 138
18272 139
18295 140
18319 151
18342 175
18365 153
18388 150
18411 161
18434 155
18458 155
18481 184
18504 149
18527 149
18550 149
18573 148
18597 156
18620 147
18643 146
18666 144
18690 144
18713 147
18736 173
18759 147
18783 152
18806 165
18829 142
18853 145
18876 152
18899 148
18923 151
18946 151
18969 153
18993 172
19016 157
19039 154
19063 152
19086 146
19110 151
19133 151
19157 152
19180 156
19203 166
19227 160
19250 165
19274 150
19297 159
19321 172
19344 153
19368 151
19391 157
19415 152
19438 148
19462 151
19485 149
19509 154
19532 150
19556 155
19579 151
19603 152
19627 155
19650 157
19674 150
19697 153
19721 155
19745 155
19768 178
19792 170
19816 151
19839 152
19863 152
19887 170
19910 153
19934 154
19958 153
19981 156
20005 157
20029 167
20052 159
20076 173
20100 177
20124 184
20147 199
20171 212
20195 219
20219 267
20243 294
20266 312
20290 282
20314 253
20338 243
20362 250
20385 236
20409 234
20433 251
20457 226
20481 245
20505 218
20529 225
20553 206
20576 188
20600 185
20624 181
20648 181
20672 184
20696 194
20720 178
20744 186
20768 177
20792 183
20816 178
20840 181
20864 183
20888 233
20912 223
20936 200
20960 192
20984 195
21008 181
21032 180
21056 182
21080 178
21104 179
21128 177
21153 178
21177 181
21201 176
21225 180
21249 176
21273 176
21297 201
21321 181
21346 179
21370 181
21394 179
21418 178
21442 181
21466 184
21491 183
21515 181
21539 182
21563 184
21588 181
21612 181
21636 179
21660 186
21685 188
21709 210
21733 184
21757 183
21782 211
21806 284
21830 288
21855 220
21879 220
21903 235
21928 355
21952 500
21976 248
22001 221
22025 187
22049 186
22074 189
22098 185
22123 187
22147 192
22171 214
22196 324
22220 240
22245 234
22269 203
22294 208
22318 217
22343 198
22367 203
22392 193
22416 198
22441 194
22465 201
22490 207
22514 198
22539 201
22563 191
22588 196
22612 192
22637 197
22661 199
22686 200
22711 203
22735 197
22760 211
22784 193
22809 198
22834 206
22858 198
22883 196
22908 191
22932 196
22957 196
22982 200
23006 199
23031 193
23056 196
23080 196
23105 200
23130 197
23154 204
23179 198
23204 197
23229 200
23253 201
23278 194
23303 197
23328 199
23353 200
23377 201
23402 198
23427 200
23452 201
23477 204
23501 203
23526 197
23551 207
23576 206
23601 213
23626 203
23650 202
23675 202
23700 207
23725 202
23750 205
23775 242
23800 261
23825 261
23850 254
23875 255
23900 295
23925 278
23950 279
23975 406
23999 499
24024 323
24049 316
24074 269
24099 378
24124 316
24150 259
24175 256
24200 228
24225 229
24250 238
24275 222
24300 221
24325 217
24350 218
24375 219
24400 213
24425 215
24450 222
24475 251
24501 249
24526 243
24551 235
24576 267
24601 214
24626 232
24652 213
24677 214
24702 211
24727 214
24752 230
24777 214
24803 215
24828 226
24853 213
24878 235
24904 215
24929 216
24954 214
24979 213
25005 216
25030 216
25055 216
25081 228
25106 239
25131 221
25156 223
25182 242
25207 230
25232 225
25258 224
25283 253
25308 290
25334 262
25359 306
25385 863
25410 363
25435 236
25461 236
25486 234
25512 236
25537 246
25562 233
25588 222
25613 215
25639 214
25664 217
25690 221
25715 216
25741 216
25766 227
25792 225
25817 216
25843 217
25868 219
25894 217
25919 219
25945 220
25970 217
25996 217
26022 217
26047 224
26073 219
26098 219
26124 221
26149 249
26175 226
26201 221
26226 220
26252 219
26278 221
26303 224
26329 251
26354 330
26380 246
26406 238
26431 239
26457 218
26483 245
26509 218
26534 223
26560 226
26586 223
26611 218
26637 223
26663 224
26689 222
26714 219
26740 221
26766 222
26792 220
26817 225
26843 220
26869 230
26895 227
26921 237
26946 244
26972 354
26998 585
27024 860
27050 529
27076 346
27102 388
27127 390
27153 367
27179 332
27205 448
27231 352
27257 250
27283 268
27309 239
27335 243
27361 236
27386 241
27412 248
27438 266
27464 237
27490 231
27516 229
27542 258
27568 258
27594 238
27620 261
27646 238
27672 238
27698 292
27724 257
27750 240
27776 239
27802 236
27829 245
27855 242
27881 238
27907 232
27933 236
27959 267
27985 235
28011 245
28037 254
28063 258
28089 261
28116 238
28142 237
28168 233
28194 238
28220 237
28246 238
28273 269
28299 278
28325 261
28351 321
28377 376
28404 267
28430 289
28456 264
28482 276
28508 288
28535 266
28561 265
28587 299
28613 263
28640 272
28666 267
28692 261
28719 284
28745 259
28771 264
28797 255
28824 253
28850 269
28876 253
28903 284
28929 262
28956 281
28982 334
29008 344
29035 341
29061 330
29087 318
29114 331
29140 312
29167 301
29193 260
29219 315
29246 310
29272 347
29299 317
29325 308
29352 405
29378 357
29405 268
29431 261
29458 249
29484 246
29511 249
29537 244
29564 246
29590 246
29617 269
29643 281
29670 300
29696 258
29723 247
29749 281
29776 257
29802 253
29829 297
29856 427
29882 395
29909 442
29935 482
29962 393
29989 361
30015 331
30042 336
30069 399
30095 615
30122 437
30149 286
30175 265
30202 283
30229 260
30255 290
30282 263
30309 275
30335 252
30362 309
30389 263
30415 257
30442 252
30469 252
30496 255
30522 285
30549 256
30576 257
30603 259
30630 262
30656 336
30683 515
30710 626
30737 418
30764 321
30790 267
30817 260
30844 255
30871 261
30898 277
30925 258
30951 264
30978 259
31005 261
31032 267
31059 263
31086 296
31113 279
31140 348
31167 455
31194 402
31220 371
31247 311
31274 286
31301 316
31328 366
31355 309
31382 294
31409 311
31436 284
31463 328
31490 359
31517 381
31544 324
31571 287
31598 308
31625 276
31652 284
31679 294
31706 287
31733 274
31760 266
31787 265
31815 275
31842 269
31869 268
31896 267
31923 288
31950 269
31977 275
32004 275
32031 271
32058 299
32086 435
32113 293
32140 270
32167 267
32194 270
32221 279
32249 266
32276 266
32303 294
32330 266
32357 266
32385 272
32412 271
32439 269
32466 271
32493 268
32521 278
32548 274
32575 280
32603 334
32630 448
32657 553
32684 337
32712 341
32739 308
32766 290
32794 294
32821 316
32848 314
32875 356
32903 325
32930 324
32958 309
32985 304
33012 298
33040 296
33067 293
33094 286
33122 286
33149 291
33177 295
33204 325
33231 347
33259 521
33286 603
33314 483
33341 449
33369 450
33396 453
33423 376
33451 354
33478 374
33506 432
33533 440
33561 533
33588 331
33616 301
33643 295
33671 287
33698 285
33726 293
33753 308
33781 304
33809 293
33836 347
33864 349
33891 342
33919 359
33946 333
33974 324
34002 297
34029 334
34057 384
34084 341
34112 293
34140 284
34167 285
34195 288
34222 314
34250 289
34278 289
34305 296
34333 291
34361 293
34388 288
34416 297
34444 293
34472 296
34499 298
34527 296
34555 296
34582 292
34610 331
34638 317
34666 295
34693 291
34721 314
34749 449
34777 351
34804 313
34832 297
34860 291
34888 329
34916 289
34943 290
34971 291
34999 296
35027 293
35055 290
35083 296
35110 290
35138 293
35166 293
35194 326
35222 291
35250 541
35278 507
35306 397
35333 332
35361 332
35389 313
35417 326
35445 314
35473 328
35501 317
35529 316
35557 317
35585 313
35613 312
35641 315
35669 315
35697 342
35725 311
35753 309
35781 323
35809 312
35837 317
35865 313
35893 320
35921 314
35949 313
35977 320
36005 319
36033 317
36061 313
36089 309
36117 306
36145 327
36173 313
36201 317
36229 356
36258 458
36286 418
36314 416
36342 545
36370 513
36398 520
36426 392
36454 524
36483 487
36511 617
36539 522
36567 619
36595 411
36624 381
36652 339
36680 326
36708 395
36736 424
36765 313
36793 308
36821 304
36849 305
36877 317
36906 310
36934 318
36962 315
36990 309
37019 317
37047 318
37075 315
37104 322
37132 314
37160 313
37188 344
37217 363
37245 393
37273 324
37302 337
37330 309
37358 306
37387 331
37415 308
37444 332
37472 318
37500 320
37529 313
37557 323
37585 316
37614 308
37642 310
37671 311
37699 313
37728 313
37756 320
37784 319
37813 413
37841 354
37870 327
37898 320
37927 323
37955 324
37984 326
38012 350
38041 322
38069 326
38098 334
38126 330
38155 317
38183 395
38212 336
38240 319
38269 319
38297 382
38326 326
38354 316
38383 325
38412 315
38440 316
38469 327
38497 320
38526 322
38554 329
38583 335
38612 318
38640 319
38669 327
38698 318
38726 347
38755 330
38784 325
38812 336
38841 320
38870 317
38898 314
38927 314
38956 315
38984 321
39013 314
39042 320
39070 316
39099 321
39128 321
39157 363
39185 315
39214 371
39243 422
39272 414
39300 394
39329 407
39358 381
39387 395
39415 383
39444 351
39473 365
39502 349
39531 494
39559 545
39588 432
39617 408
39646 378
39675 367
39704 351
39732 365
39761 355
39790 352
39819 344
39848 345
39877 360
39906 357
39934 464
39963 587
39992 583
40021 441
40050 403
40079 404
40108 392
40137 448
40166 406
40195 355
40224 336
40253 335
40282 339
40311 369
40340 372
40369 482
40398 442
40427 795
40456 678
40485 433
40514 415
40543 563
40572 370
40601 343
40630 352
40659 345
40688 342
40717 353
40746 339
40775 342
40804 339
40833 337
40862 349
40891 345
40920 341
40949 348
40978 341
41008 392
41037 344
41066 359
41095 350
41124 391
41153 355
41182 354
41212 347
41241 343
41270 349
41299 349
41328 347
41357 379
41387 345
41416 352
41445 343
41474 342
41503 345
41533 406
41562 385
41591 693
41620 397
41650 415
41679 348
41708 355
41737 346
41767 352
41796 354
41825 349
41854 347
41884 350
41913 352
41942 346
41972 353
42001 344
42030 391
42059 350
42089 347
42118 347
42147 356
42177 349
42206 354
42236 346
42265 349
42294 384
42324 346
42353 357
42382 356
42412 348
42441 399
42471 525
42500 447
42529 425
42559 379
42588 365
42618 352
42647 352
42677 362
42706 354
42736 365
42765 348
42794 388
42824 361
42853 430
42883 461
42912 464
42942 423
42971 393
43001 429
43030 496
43060 498
43089 646
43119 552
43148 518
43178 498
43208 482
43237 464
43267 465
43296 453
43326 445
43355 453
43385 444
43415 464
43444 464
43474 437
43503 459
43533 436
43563 436
43592 575
43622 628
43651 528
43681 420
43711 416
43740 419
43770 487
43800 637
43829 703
43859 544
43889 822
43918 459
43948 430
43978 381
44008 365
44037 365
44067 363
44097 372
44126 368
44156 366
44186 365
44216 379
44245 365
44275 364
44305 370
44335 399
44364 370
44394 363
44424 363
44454 365
44484 369
44513 376
44543 369
44573 375
44603 378
44633 369
44662 369
44692 369
44722 428
44752 374
44782 369
44812 370
44842 368
44871 373
44901 375
44931 379
44961 373
44991 430
45021 378
45051 416
45081 554
45111 543
45141 454
45170 490
45200 424
45230 453
45260 454
45290 478
45320 410
45350 430
45380 413
45410 430
45440 417
45470 404
45500 392
45530 392
45560 385
45590 384
45620 399
45650 407
45680 386
45710 380
45740 389
45770 390
45800 394
45830 389
45860 390
45890 392
45920 390
45951 387
45981 392
46011 389
46041 386
46071 445
46101 400
46131 414
46161 392
46191 431
46221 479
46252 501
46282 479
46312 402
46342 427
46372 500
46402 489
46432 501
46463 508
46493 490
46523 496
46553 544
46583 512
46614 488
46644 502
46674 490
46704 485
46734 510
46765 485
46795 479
46825 479
46855 453
46886 671
46916 622
46946 552
46976 464
47007 473
47037 473
47067 536
47097 497
47128 565
47158 604
47188 513
47219 608
47249 725
47279 499
47310 411
47340 399
47370 403
47401 397
47431 401
47461 394
47492 392
47522 420
47552 404
47583 406
47613 405
47644 520
47674 514
47704 466
47735 437
47765 414
47796 419
47826 398
47856 401
47887 395
47917 396
47948 402
47978 395
48009 401
48039 404
48069 408
48100 402
48130 406
48161 403
48191 403
48222 404
48252 410
48283 440
48313 420
48344 416
48374 406
48405 423
48435 448
48466 465
48497 547
48527 447
48558 490
48588 434
48619 421
48649 409
48680 435
48710 417
48741 408
48772 405
48802 416
48833 415
48863 410
48894 403
48925 438
48955 416
48986 410
49017 405
49047 426
49078 406
49108 395
49139 395
49170 425
49200 458
49231 414
49262 405
49292 404
49323 395
49354 400
49385 405
49415 448
49446 393
49477 458
49507 463
49538 433
49569 427
49600 424
49630 462
49661 455
49692 470
49723 473
49753 471
49784 478
49815 495
49846 520
49876 465
49907 474
49938 462
49969 490
50000 459
50031 521
50061 670
50092 662
50123 565
50154 496
50185 486
50215 563
50246 602
50277 477
50308 472
50339 666
50370 496
50401 509
50432 526
50462 626
50493 806
50524 667
50555 623
50586 580
50617 573
50648 586
50679 457
50710 428
50741 453
50772 427
50803 421
50834 422
50864 457
50895 420
50926 419
50957 421
50988 466
51019 429
51050 519
51081 471
51112 435
51143 433
51174 432
51205 452
51236 431
51267 432
51298 425
51330 450
51361 482
51392 473
51423 473
51454 453
51485 554
51516 463
51547 444
51578 476
51609 442
51640 456
51671 436
51702 433
51734 436
51765 452
51796 427
51827 438
51858 430
51889 491
51920 438
51951 429
51983 429
52014 477
52045 442
52076 440
52107 478
52138 441
52170 451
52201 438
52232 473
52263 444
52294 456
52326 463
52357 455
52388 427
52419 437
52450 428
52482 426
52513 433
52544 441
52575 437
52607 445
52638 516
52669 526
52701 484
52732 523
52763 464
52794 459
52826 512
52857 498
52888 625
52920 795
52951 605
52982 593
53014 544
53045 541
53076 526
53108 517
53139 521
53170 564
53202 747
53233 672
53264 718
53296 611
53327 556
53359 608
53390 648
53421 524
53453 557
53484 695
53516 688
53547 1077
53578 646
53610 584
53641 683
53673 568
53704 504
53736 466
53767 496
53798 463
53830 465
53861 464
53893 460
53924 463
53956 463
53987 487
54019 472
54050 493
54082 543
54113 487
54145 476
54176 475
54208 474
54239 461
54271 455
54303 458
54334 478
54366 513
54397 488
54429 515
54460 591
54492 498
54523 478
54555 478
54587 484
54618 541
54650 458
54681 453
54713 541
54745 547
54776 499
54808 486
54840 482
54871 472
54903 463
54934 459
54966 468
54998 460
55029 481
55061 448
55093 471
55124 586
55156 515
55188 469
55220 468
55251 496
55283 472
55315 465
55346 480
55378 447
55410 458
55442 454
55473 507
55505 449
55537 451
55568 443
55600 523
55632 512
55664 509
55696 510
55727 532
55759 562
55791 795
55823 572
55854 704
55886 607
55918 611
55950 592
55982 640
56014 626
56045 594
56077 714
56109 902
56141 846
56173 657
56205 627
56236 697
56268 825
56300 712
56332 697
56364 607
56396 557
56428 542
56460 556
56492 525
56523 531
56555 523
56587 526
56619 522
56651 550
56683 524
56715 525
56747 524
56779 527
56811 522
56843 523
56875 544
56907 563
56939 707
56971 568
57003 535
57035 573
57067 541
57099 532
57131 528
57163 534
57195 526
57227 597
57259 828
57291 701
57323 628
57355 603
57387 631
57419 640
57451 683
57483 514
57515 496
57547 516
57579 488
57611 490
57643 485
57675 488
57708 489
57740 482
57772 524
57804 549
57836 601
57868 514
57900 503
57932 495
57965 521
57997 496
58029 493
58061 489
58093 494
58125 492
58157 487
58190 551
58222 503
58254 472
58286 547
58318 600
58351 583
58383 552
58415 749
58447 556
58479 556
58512 541
58544 646
58576 612
58608 618
58641 610
58673 629
58705 629
58737 609
58770 623
58802 612
58834 586
58866 695
58899 858
58931 915
58963 708
58996 631
59028 651
59060 921
59092 870
59125 627
59157 589
59189 538
59222 501
59254 525
59286 504
59319 516
59351 539
59384 501
59416 505
59448 553
59481 766
59513 579
59545 548
59578 539
59610 526
59643 513
59675 500
59707 517
59740 546
59772 507
59805 504
59837 507
59870 505
59902 512
59934 554
59967 1019
59999 664
60032 538
60064 512
60097 666
60129 611
60162 663
60194 620
60227 694
60259 640
60292 571
60324 561
60357 561
60389 558
60422 561
60454 622
60487 563
60519 556
60552 559
60584 558
60617 560
60649 560
60682 557
60715 555
60747 564
60780 591
60812 635
60845 643
60877 615
60910 624
60943 731
60975 707
61008 596
61041 600
61073 651
61106 674
61138 683
61171 606
61204 581
61236 584
61269 563
61302 562
61334 568
61367 570
61400 566
61432 564
61465 564
61498 596
61530 584
61563 557
61596 570
61628 793
61661 629
61694 594
61727 644
61759 659
61792 689
61825 832
61858 799
61890 839
61923 816
61956 811
61989 846
62021 702
62054 729
62087 773
62120 644
62152 663
62185 661
62218 607
62251 607
62284 589
62316 573
62349 571
62382 619
62415 582
62448 706
62480 782
62513 679
62546 580
62579 536
62612 589
62645 545
62678 531
62710 530
62743 540
62776 537
62809 598
62842 539
62875 526
62908 542
62941 548
62974 539
63006 561
63039 608
63072 692
63105 579
63138 542
63171 578
63204 536
63237 543
63270 534
63303 544
63336 541
63369 595
63402 913
63435 597
63468 557
63501 609
63534 703
63567 586
63600 576
63633 582
63666 980
63699 774
63732 694
63765 614
63798 596
63831 570
63864 640
63897 550
63930 553
63963 551
63996 528
64029 552
64062 547
64095 546
64128 533
64161 545
64195 548
64228 538
64261 549
64294 567
64327 626
64360 811
64393 1018
64426 1053
64459 936
64493 981
64526 781
64559 924
64592 869
64625 809
64658 881
64691 864
64725 672
64758 763
64791 667
64824 638
64857 627
64891 672
64924 852
64957 1024
64990 1252
65023 746
65057 661
65090 629
65123 634
65156 609
65189 633
65223 609
65256 598
65289 599
65322 595
65356 600
65389 606
65422 599
65456 699
65489 713
65522 647
65555 639
65589 628
65622 615
65655 608
65689 610
65722 701
65755 632
65788 614
65822 613
65855 658
65888 809
65922 781
65955 740
65989 698
66022 805
66055 671
66089 638
66122 592
66155 584
66189 619
66222 610
66255 558
66289 562
66322 558
66356 645
66389 647
66423 615
66456 583
66489 586
66523 564
66556 620
66590 569
66623 596
66657 659
66690 668
66723 689
66757 661
66790 792
66824 659
66857 730
66891 949
66924 754
66958 668
66991 744
67025 833
67058 641
67092 595
67125 605
67159 583
67192 617
67226 575
67259 582
67293 567
67326 577
67360 594
67394 969
67427 1400
67461 805
67494 697
67528 714
67561 934
67595 639
67629 655
67662 582
67696 572
67729 565
67763 590
67797 573
67830 581
67864 691
67897 630
67931 628
67965 596
67998 652
68032 596
68066 585
68099 585
68133 635
68167 711
68200 651
68234 606
68268 610
68301 609
68335 596
68369 571
68402 605
68436 581
68470 621
68503 605
68537 739
68571 710
68605 685
68638 652
68672 647
68706 754
68739 740
68773 763
68807 764
68841 696
68874 621
68908 611
68942 597
68976 614
69010 639
69043 678
69077 675
69111 722
69145 814
69179 770
69212 680
69246 683
69280 741
69314 985
69348 977
69381 876
69415 901
69449 680
69483 636
69517 613
69551 651
69585 593
69618 601
69652 600
69686 597
69720 595
69754 592
69788 844
69822 958
69856 982
69889 688
69923 698
69957 691
69991 937
70025 647
70059 686
70093 618
70127 598
70161 588
70195 622
70229 606
70263 594
70297 637
70331 634
70365 626
70399 600
70433 603
70467 591
70500 594
70534 595
70568 602
70602 705
70636 696
70670 634
70705 660
70739 612
70773 648
70807 604
70841 596
70875 593
70909 603
70943 613
70977 613
71011 690
71045 662
71079 628
71113 628
71147 634
71181 710
71215 759
71249 683
71283 684
71318 624
71352 751
71386 762
71420 677
71454 718
71488 688
71522 712
71556 807
71591 858
71625 800
71659 928
71693 813
71727 983
71761 936
71795 863
71830 773
71864 902
71898 844
71932 659
71966 633
72000 691
72035 614
72069 614
72103 618
72137 620
72172 855
72206 862
72240 729
72274 652
72308 640
72343 614
72377 616
72411 618
72445 610
72480 623
72514 621
72548 622
72582 601
72617 607
72651 621
72685 690
72720 809
72754 768
72788 651
72822 632
72857 634
72891 627
72925 615
72960 618
72994 608
73028 914
73063 734
73097 662
73131 645
73166 662
73200 644
73234 650
73269 925
73303 719
73338 749
73372 695
73406 836
73441 771
73475 795
73509 801
73544 844
73578 829
73613 777
73647 721
73682 659
73716 634
73750 638
73785 766
73819 815
73854 816
73888 831
73923 938
73957 1053
73991 917
74026 905
74060 969
74095 963
74129 820
74164 934
74198 1011
74233 734
74267 699
74302 645
74336 658
74371 729
74405 685
74440 756
74474 855
74509 687
74543 732
74578 667
74612 668
74647 632
74682 646
74716 634
74751 648
74785 661
74820 644
74854 640
74889 632
74924 637
74958 703
74993 820
75027 903
75062 964
75097 806
75131 701
75166 687
75200 705
75235 908
75270 722
75304 678
75339 663
75374 722
75408 696
75443 930
75478 673
75512 661
75547 740
75581 645
75616 644
75651 645
75686 642
75720 755
75755 819
75790 725
75824 824
75859 768
75894 700
75928 847
75963 805
75998 853
76033 742
76067 771
76102 823
76137 793
76172 752
76206 818
76241 760
76276 1065
76311 1147
76345 883
76380 835
76415 954
76450 748
76484 694
76519 677
76554 733
76589 650
76624 646
76658 656
76693 728
76728 1090
76763 1329
76798 1074
76833 1007
76867 799
76902 726
76937 757
76972 701
77007 691
77042 677
77077 658
77111 762
77146 927
77181 705
77216 682
77251 714
77286 672
77321 653
77356 644
77390 662
77425 712
77460 695
77495 701
77530 673
77565 675
77600 784
77635 673
77670 677
77705 664
77740 659
77775 675
77810 664
77845 659
77880 666
77915 667
77950 697
77985 671
78020 699
78055 893
78090 835
78124 749
78160 756
78195 794
78230 937
78265 835
78300 886
78335 864
78370 837
78405 823
78440 840
78475 1043
78510 1142
78545 1264
78580 976
78615 736
78650 722
78685 692
78720 702
78755 700
78790 690
78825 667
78860 691
78896 1057
78931 1059
78966 851
79001 926
79036 940
79071 931
79106 732
79141 733
79177 706
79212 675
79247 666
79282 705
79317 705
79352 806
79387 945
79423 802
79458 843
79493 738
79528 723
79563 731
79598 825
79634 800
79669 788
79704 769
79739 761
79774 753
79810 731
79845 731
79880 725
79915 802
79951 746
79986 731
80021 729
80056 774
80091 736
80127 711
80162 769
80197 924
80233 861
80268 858
80303 1090
80338 871
80374 842
80409 835
80444 975
80480 1241
80515 1017
80550 803
80585 1035
80621 1208
80656 935
80691 1237
80727 818
80762 761
80797 767
80833 733
80868 699
80903 686
80939 715
80974 1038
81009 844
81045 794
81080 769
81116 733
81151 720
81186 698
81222 693
81257 741
81293 701
81328 754
81363 688
81399 701
81434 870
81470 855
81505 758
81540 731
81576 776
81611 709
81647 705
81682 697
81718 949
81753 849
81789 843
81824 801
81860 792
81895 719
81930 725
81966 1032
82001 793
82037 720
82072 705
82108 703
82143 719
82179 725
82214 711
82250 708
82285 712
82321 765
82357 837
82392 773
82428 751
82463 772
82499 819
82534 841
82570 800
82605 970
82641 1025
82676 1190
82712 842
82748 872
82783 1243
82819 1084
82854 977
82890 1064
82926 840
82961 822
82997 803
83032 755
83068 732
83104 1191
83139 966
83175 821
83211 784
83246 845
83282 750
83317 722
83353 714
83389 817
83424 738
83460 727
83496 709
83531 813
83567 1178
83603 910
83638 801
83674 774
83710 741
83746 739
83781 815
83817 1188
83853 804
83888 820
83924 814
83960 852
83996 937
84031 772
84067 771
84103 773
84139 780
84174 756
84210 746
84246 798
84282 809
84317 766
84353 745
84389 837
84425 736
84460 749
84496 967
84532 922
84568 808
84604 808
84639 876
84675 886
84711 875
84747 883
84783 970
84819 852
84854 987
84890 1168
84926 971
84962 953
84998 970
85034 886
85069 770
85105 748
85141 861
85177 989
85213 1553
85249 1086
85285 990
85321 816
85357 782
85392 802
85428 828
85464 788
85500 746
85536 757
85572 990
85608 840
85644 777
85680 832
85716 743
85752 740
85788 746
85824 952
85860 883
85895 819
85931 795
85967 818
86003 782
86039 756
86075 756
86111 748
86147 764
86183 759
86219 745
86255 744
86291 818
86327 756
86363 737
86399 740
86435 826
86471 826
86507 781
86543 780
86580 852
86616 781
86652 807
86688 894
86724 892
86760 824
86796 901
86832 1003
86868 920
86904 890
86940 1395
86976 983
87012 1109
87048 1136
87085 1124
87121 971
87157 1319
87193 1056
87229 1328
87265 903
87301 905
87337 1129
87373 865
87410 902
87446 810
87482 810
87518 786
87554 855
87590 977
87627 842
87663 797
87699 778
87735 762
87771 769
87807 829
87844 984
87880 822
87916 793
87952 776
87988 857
88025 788
88061 793
88097 767
88133 858
88170 753
88206 767
88242 806
88278 837
88314 757
88351 755
88387 768
88423 790
88460 774
88496 1114
88532 861
88568 897
88605 840
88641 875
88677 1073
88713 1114
88750 1233
88786 1199
88822 983
88859 932
88895 936
88931 891
88968 1035
89004 1207
89040 986
89077 1164
89113 1473
89149 974
89186 856
89222 820
89258 944
89295 813
89331 820
89367 792
89404 813
89440 788
89477 773
89513 771
89549 920
89586 937
89622 829
89659 809
89695 814
89731 788
89768 777
89804 969
89841 921
89877 808
89913 852
89950 856
89986 800
90023 946
90059 916
90096 917
90132 797
90169 783
90205 809
90242 856
90278 811
90315 798
90351 794
90387 825
90424 792
90460 774
90497 804
90533 869
90570 805
90606 822
90643 1037
90680 1457
90716 1195
90753 934
90789 925
90826 931
90862 966
90899 1171
90935 1024
90972 1119
91008 1364
91045 1070
91082 1186
91118 1246
91155 992
91191 957
91228 868
91264 846
91301 834
91338 916
91374 867
91411 849
91447 851
91484 908
91521 1360
91557 1058
91594 957
91631 826
91667 807
91704 813
91740 836
91777 842
91814 889
91850 1072
91887 1082
91924 1074
91960 846
91997 815
92034 783
92070 783
92107 818
92144 1020
92180 869
92217 846
92254 824
92291 800
92327 794
92364 816
92401 839
92437 841
92474 829
92511 817
92548 837
92584 827
92621 802
92658 863
92695 947
92731 894
92768 934
92805 992
92842 997
92878 936
92915 915
92952 1007
92989 930
93026 953
93062 1672
93099 1388
93136 1241
93173 1352
93210 912
93246 865
93283 852
93320 841
93357 883
93394 888
93430 918
93467 892
93504 860
93541 935
93578 830
93615 923
93652 1090
93688 987
93725 903
93762 859
93799 944
93836 844
93873 892
93910 825
93947 932
93983 817
94020 816
94057 805
94094 862
94131 1172
94168 952
94205 931
94242 828
94279 830
94316 1175
94353 949
94390 891
94427 885
94464 900
94500 863
94537 839
94574 875
94611 913
94648 1025
94685 1061
94722 1176
94759 939
94796 896
94833 1068
94870 1037
94907 971
94944 951
94981 1004
95018 986
95055 973
95092 1135
95129 1265
95166 1450
95203 1236
95240 1098
95277 1280
95314 966
95352 889
95389 913
95426 870
95463 841
95500 1103
95537 1119
95574 896
95611 868
95648 898
95685 850
95722 830
95759 832
95796 914
95834 854
95871 834
95908 825
95945 897
95982 1174
96019 982
96056 941
96093 882
96131 1066
96168 1465
96205 970
96242 895
96279 939
96316 1045
96353 912
96391 873
96428 900
96465 848
96502 844
96539 839
96576 964
96614 907
96651 901
96688 1059
96725 909
96762 1071
96800 1070
96837 1059
96874 1033
96911 1013
96948 1040
96986 1003
97023 1306
97060 1110
97097 1080
97135 1116
97172 934
97209 916
97246 967
97284 968
97321 866
97358 886
97396 1257
97433 1470
97470 1035
97507 1009
97545 896
97582 1261
97619 977
97657 904
97694 871
97731 870
97768 945
97806 840
97843 895
97880 853
97918 866
97955 854
97992 877
98030 996
98067 895
98104 876
98142 868
98179 1024
98217 1216
98254 922
98291 936
98329 861
98366 851
98403 856
98441 1016
98478 1051
98516 902
98553 897
98590 898
98628 1043
98665 977
98703 1019
98740 1106
98777 1077
98815 1067
98852 1054
98890 1034
98927 1500
98965 1214
99002 1163
99040 1330
99077 1206
99114 1093
99152 948
99189 1278
99227 1330
99264 1066
99302 1073
99339 1123
99377 1081
99414 923
99452 1015
99489 868
99527 873
99564 875
99602 1057
99639 946
99677 894
99714 955
99752 874
99789 958
99827 1116
99865 929
99902 911
99940 887
99977 913
100015 967
100052 889
100090 912
100127 882
100165 870
100203 869
100240 920
100278 927
100315 905
100353 902
100391 895
100428 899
100466 952
100503 1194
100541 1166
100579 1308
100616 1296
100654 1410
100691 1196
100729 1076
100767 1134
100804 1169
100842 1437
100880 1531
100917 1185
100955 1516
100993 1135
101030 991
101068 961
101106 1015
101143 892
101181 891
101219 888
101256 889
101294 1099
101332 930
101370 1007
101407 1312
101445 996
101483 1047
101520 961
101558 1193
101596 1092
101634 971
101671 961
101709 997
101747 936
101784 924
101822 901
101860 989
101898 1041
101936 1126
101973 1040
102011 924
102049 891
102087 895
102124 882
102162 876
102200 925
102238 1136
102276 1024
102313 989
102351 1329
102389 1546
102427 1114
102465 1052
102502 1030
102540 1527
102578 1464
102616 1214
102654 1394
102692 1076
102729 1221
102767 1007
102805 949
102843 942
102881 959
102919 924
102957 892
102994 939
103032 902
103070 885
103108 889
103146 996
103184 1247
103222 996
103260 1038
103298 1203
103336 1567
103373 1021
103411 984
103449 1003
103487 1090
103525 969
103563 944
103601 1055
103639 929
103677 911
103715 1037
103753 1019
103791 969
103829 912
103867 909
103905 912
103943 1058
103981 1030
104019 929
104057 961
104095 1120
104133 1007
104171 1022
104209 1079
104247 1104
104285 1127
104323 1214
104361 1127
104399 1542
104437 1297
104475 1490
104513 1704
104551 1168
104589 1085
104627 1098
104665 1055
104703 1163
104741 1061
104779 1048
104817 1116
104855 1024
104893 1004
104931 1015
104969 1027
105007 1088
105046 1006
105084 1141
105122 1021
105160 1034
105198 1326
105236 1319
105274 1070
105312 995
105350 941
105389 948
105427 1090
105465 1024
105503 980
105541 1019
105579 960
105617 941
105655 1057
105694 1017
105732 972
105770 931
105808 939
105846 922
105884 916
105923 1022
105961 1072
105999 997
106037 1266
106075 1389
106114 1052
106152 1095
106190 966
106228 934
106266 1022
106305 1096
106343 1133
106381 1479
106419 1590
106458 1458
106496 1199
106534 1217
106572 1144
106611 1050
106649 972
106687 1027
106725 947
106764 1360
106802 1177
106840 1052
106878 968
106917 1047
106955 956
106993 934
107032 971
107070 940
107108 957
107146 948
107185 1416
107223 1094
107261 987
107300 966
107338 973
107376 1003
107415 1097
107453 1126
107491 1263
107530 1237
107568 1100
107606 986
107645 981
107683 952
107721 976
107760 1316
107798 1085
107837 1027
107875 1180
107913 1143
107952 1195
107990 1125
108029 1070
108067 1135
108105 1696
108144 1217
108182 1296
108221 1118
108259 1005
108297 994
108336 1061
108374 950
108413 1066
108451 1023
108490 1486
108528 1595
108566 1074
108605 1121
108643 1020
108682 958
108720 1063
108759 976
108797 1117
108836 1167
108874 1097
108913 1019
108951 987
108990 970
109028 982
109067 1024
109105 1224
109144 1005
109182 1018
109221 1272
109259 1134
109298 1067
109336 1014
109375 1002
109413 956
109452 1088
109490 1052
109529 962
109567 1215
109606 1225
109645 1247
109683 1263
109722 1266
109760 1542
109799 1161
109837 1126
109876 1266
109915 1627
109953 1293
109992 1329
110030 1173
110069 1104
110108 1620
110146 1438
110185 1213
110223 1144
110262 1284
110301 1113
110339 1028
110378 1063
110417 1013
110455 978
110494 1223
110532 1039
110571 1014
110610 1064
110648 1024
110687 1240
110726 1149
110764 1003
110803 1017
110842 1071
110880 984
110919 977
110958 1204
110996 1083
111035 1051
111074 1102
111113 1044
111151 1122
111190 1097
111229 1032
111267 1075
111306 1281
111345 1126
111384 1224
111422 1276
111461 1534
111500 1304
111539 1238
111577 1596
111616 1337
111655 1340
111694 1253
111732 1249
111771 1436
111810 1408
111849 1155
111887 1395
111926 1148
111965 1090
112004 1060
112043 1038
112081 1105
112120 1273
112159 1124
112198 1075
112237 1044
112275 1154
112314 1176
112353 1085
112392 1039
112431 1165
112470 1053
112508 1052
112547 1040
112586 1022
112625 1021
112664 1020
112703 1053
112742 1343
112780 1407
112819 1239
112858 1073
112897 1117
112936 1085
112975 1232
113014 1289
113053 1257
113092 1229
113130 1293
113169 1468
113208 1532
113247 1314
113286 1677
113325 1195
113364 1080
113403 1093
113442 1050
113481 1039
113520 1072
113559 1041
113598 1030
113637 1031
113676 1033
113714 1823
113753 2699
113792 1491
113831 1231
113870 1138
113909 1258
113948 1081
113987 1066
114026 1316
114065 1129
114104 1147
114143 1141
114182 1109
114221 1179
114260 1079
114299 1083
114338 1122
114377 1073
114416 1079
114455 1094
114495 1058
114534 1125
114573 1389
114612 1215
114651 1205
114690 1285
114729 1197
114768 1175
114807 1238
114846 1244
114885 1322
114924 1524
114963 1311
115002 1483
115041 1284
115081 1125
115120 1123
115159 1051
115198 1023
115237 1072
115276 1611
115315 1320
115354 1138
115393 1334
115433 1271
115472 1183
115511 1158
115550 1088
115589 1056
115628 1295
115667 1099
115707 1072
115746 1051
115785 1126
115824 1156
115863 1087
115902 1037
115942 1053
115981 1050
116020 1055
116059 1009
116098 1028
116137 1066
116177 1160
116216 1115
116255 1163
116294 1284
116334 1373
116373 1168
116412 1285
116451 1188
116490 1517
116530 1660
116569 1691
116608 1336
116647 1514
116687 1468
116726 1198
116765 1208
116804 1127
116844 1636
116883 1256
116922 1158
116961 1174
117001 1105
117040 1161
117079 1126
117119 1075
117158 1076
117197 1297
117236 1487
117276 1246
117315 1134
117354 1121
117394 1118
117433 1073
117472 1057
117512 1027
117551 1272
117590 1221
117630 1124
117669 1090
117708 1053
117748 1088
117787 1026
117826 1065
117866 1049
117905 1152
117945 1213
117984 1190
118023 1237
118063 1374
118102 1352
118141 1578
118181 1425
118220 1943
118260 1463
118299 1446
118338 1201
118378 1455
118417 1346
118457 1154
118496 1120
118536 1115
118575 1182
118614 1050
118654 1038
118693 1049
118733 1041
118772 1132
118812 1864
118851 1291
118891 1171
118930 1110
118969 1098
119009 1081
119048 1068
119088 1610
119127 1413
119167 1149
119206 1229
119246 1060
119285 1060
119325 1280
119364 1107
119404 1079
119443 1249
119483 1220
119522 1196
119562 1299
119601 1409
119641 1282
119681 1230
119720 1454
119760 1603
119799 1456
119839 1423
119878 1167
119918 1232
119957 1295
119997 1460
120037 1286
120076 1755
120116 1521
120155 1186
120195 1187
120234 1097
120274 1107
120314 1372
120353 1197
120393 1251
120432 1180
120472 1209
120512 1208
120551 1097
120591 1123
120630 1182
120670 1077
120710 1065
120749 1114
120789 1083
120829 1152
120868 1185
120908 1085
120948 1075
120987 1139
121027 1063
121067 1050
121106 1120
121146 1079
121186 1198
121225 1362
121265 1234
121305 1221
121344 1531
121384 1311
121424 1394
121463 1234
121503 1848
121543 1439
121583 1557
121622 1198
121662 1247
121702 1345
121741 1162
121781 1149
121821 1107
121861 1107
121900 1187
121940 1185
121980 1159
122020 1166
122059 1161
122099 1678
122139 1228
122179 1132
122218 1172
122258 1096
122298 1126
122338 1158
122378 1104
122417 1172
122457 1319
122497 1263
122537 1149
122577 1177
122616 2054
122656 1239
122696 1170
122736 1272
122776 1552
122815 1163
122855 1265
122895 1234
122935 1334
122975 1311
123015 1314
123055 1514
123094 1363
123134 1332
123174 1774
123214 1539
123254 1450
123294 1297
123334 1215
123373 1133
123413 1168
123453 1142
123493 1137
123533 1155
123573 1248
123613 1653
123653 1275
123693 1158
123733 1207
123772 1250
123812 1291
123852 1294
123892 1157
123932 1160
123972 1121
124012 1109
124052 1086
124092 1122
124132 1115
124172 1177
124212 1158
124252 1104
124292 1318
124332 1872
124372 1258
124412 1148
124452 1147
124492 1246
124532 1274
124572 1259
124612 1517
124652 1528
124692 1616
124732 1471
124772 1637
124812 1408
124852 1888
124892 1522
124932 1660
124972 1448
125012 1378
125052 1571
125092 1756
125132 1283
125172 1292
125212 1453
125252 1260
125292 1329
125332 1213
125372 1443
125412 1249
125452 1164
125492 1196
125532 1229
125572 1269
125613 1287
125653 1149
125693 1151
125733 1162
125773 1147
125813 1155
125853 1147
125893 1122
125933 1153
125973 1277
126014 1195
126054 1242
126094 1150
126134 1228
126174 1384
126214 1425
126254 1613
126295 1643
126335 1459
126375 1388
126415 2133
126455 1497
126495 1841
126535 1527
126576 1389
126616 1211
126656 1241
126696 1208
126736 1170
126777 1180
126817 1162
126857 1122
126897 1550
126937 1295
126978 1200
127018 1248
127058 1449
127098 1281
127138 1168
127179 1175
127219 1294
127259 1182
127299 1153
127340 1256
127380 1407
127420 1331
127460 1176
127501 1143
127541 1248
127581 1136
127621 1199
127662 1425
127702 1269
127742 1778
127783 1426
127823 1486
127863 1347
127903 1675
127944 1616
127984 1659
128024 1864
128065 1443
128105 1243
128145 1197
128186 1255
128226 1215
128266 1182
128306 1205
128347 1154
128387 1512
128427 1325
128468 1268
128508 1694
128549 1527
128589 1256
128629 1191
128670 1321
128710 1421
128750 1247
128791 1202
128831 1180
128871 1317
128912 1380
128952 1257
128993 1207
129033 1180
129073 1252
129114 1170
129154 1145
129195 1294
129235 1300
129275 1365
129316 1441
129356 1346
129397 1543
129437 1401
129478 1529
129518 1598
129558 1793
129599 1511
129639 1612
129680 1714
129720 1445
129761 1259
129801 1213
129842 1379
129882 1205
129923 1209
129963 1279
130004 1792
130044 1386
130085 1307
130125 1541
130165 1324
130206 1326
130246 1248
130287 1295
130328 1343
130368 1208
130409 1172
130449 1220
130490 1420
130530 1329
130571 1210
130611 1230
130652 1211
130692 1183
130733 1201
130773 1225
130814 1318
130854 1389
130895 2112
130936 1516
130976 1318
131017 1405
131057 1376
131098 1524
131138 1719
131179 1813
131220 1640
131260 1647
131301 1287
131341 1215
131382 1254
131423 1839
131463 1473
131504 1310
131544 1278
131585 1222
131626 1195
131666 1290
131707 1216
131748 1372
131788 1397
131829 1291
131869 1386
131910 1839
131951 1485
131991 1577
132032 1609
132073 1719
132113 1432
132154 1298
132195 1317
132235 1460
132276 1426
132317 1582
132358 1517
132398 1691
132439 1667
132480 1645
132520 1836
132561 1614
132602 1447
132642 1450
132683 1264
132724 1309
132765 1443
132805 1894
132846 1387
132887 1309
132928 1338
132968 1309
133009 1323
133050 1456
133091 1399
133131 1289
133172 1289
133213 1364
133254 1288
133294 1414
133335 1313
133376 1292
133417 1572
133457 1357
133498 1368
133539 1246
133580 1245
133621 1567
133661 1471
133702 1543
133743 1433
133784 1553
133825 1448
133865 1514
133906 1770
133947 1634
133988 2054
134029 1494
134070 1323
134110 1319
134151 2362
134192 1604
134233 1351
134274 1376
134315 1584
134356 1872
134396 1354
134437 1368
134478 1370
134519 1322
134560 1513
134601 1439
134642 1379
134683 1275
134724 1282
134764 1306
134805 1265
134846 1301
134887 1246
134928 1293
134969 1462
135010 1385
135051 1498
135092 1434
135133 1563
135174 1476
135215 1590
135255 2169
135296 1787
135337 1613
135378 1396
135419 1261
135460 1215
135501 1400
135542 1764
135583 1392
135624 1467
135665 1842
135706 1391
135747 1424
135788 1363
135829 1562
135870 1402
135911 1301
135952 1342
135993 1414
136034 1422
136075 1280
136116 1363
136157 1323
136198 1286
136239 1441
136280 1272
136321 1263
136362 1399
136403 1698
136444 1453
136485 1461
136526 1544
136567 1490
136608 1985
136650 2654
136691 1778
136732 1611
136773 1374
136814 1355
136855 1633
136896 1442
136937 1341
136978 1335
137019 1543
137060 1392
137101 1403
137143 1320
137184 1631
137225 1435
137266 1397
137307 1561
137348 1424
137389 1602
137430 1444
137472 1575
137513 1622
137554 1418
137595 1313
137636 1402
137677 1391
137718 1434
137760 1570
137801 1516
137842 1735
137883 1509
137924 1593
137965 1958
138007 1612
138048 1578
138089 1506
138130 1328
138171 1402
138212 1856
138254 1581
138295 1441
138336 1459
138377 1335
138418 1392
138460 1481
138501 1472
138542 1593
138583 1371
138625 1431
138666 1379
138707 1353
138748 1334
138790 1311
138831 1479
138872 1763
138913 1452
138955 1330
138996 1577
139037 1364
139078 1420
139120 1470
139161 1420
139202 1556
139243 1524
139285 1572
139326 1753
139367 1684
139409 1678
139450 1575
139491 1301
139533 1388
139574 2559
139615 1477
139656 1329
139698 1589
139739 1628
139780 1385
139822 1417
139863 1378
139904 1344
139946 1322
139987 1506
140028 1364
140070 1535
140111 1357
140153 1313
140194 1301
140235 1291
140277 1356
140318 1288
140359 1268
140401 1263
140442 1254
140484 1321
140525 1275
140566 1268
140608 1390
140649 1417
140691 1522
140732 1917
140773 1778
140815 1500
140856 2023
140898 1680
140939 2090
140980 1996
141022 1366
141063 1367
141105 1772
141146 1529
141188 1419
141229 1468
141271 1496
141312 1372
141353 1556
141395 1513
141436 1508
141478 1370
141519 1383
141561 1357
141602 1459
141644 1460
141685 1380
141727 1435
141768 1659
141810 1444
141851 1340
141893 1341
141934 1313
141976 1273
142017 1729
142059 1863
142100 1620
142142 1583
142183 1750
142225 1495
142266 1962
142308 1605
142350 1895
142391 1465
142433 1380
142474 1325
142516 1463
142557 1318
142599 1310
142640 1392
142682 1305
142724 1489
142765 1965
142807 1670
142848 1701
142890 1677
142932 1386
142973 1454
143015 1329
143056 1640
143098 1367
143140 1553
143181 1398
143223 1346
143264 1555
143306 1335
143348 1470
143389 1321
143431 1405
143473 1447
143514 1425
143556 1590
143597 1567
143639 1569
143681 1874
143722 1585
143764 1615
143806 1509
143847 1359
143889 1525
143931 1498
143972 1424
144014 1309
144056 1318
144097 1561
144139 2039
144181 1511
144223 1408
144264 1609
144306 1543
144348 1526
144389 1489
144431 1585
144473 1338
144515 1410
144556 1716
144598 1412
144640 1332
144681 1517
144723 1425
144765 1378
144807 1421
144848 1440
144890 1473
144932 1447
144974 1625
145015 1827
145057 1605
145099 1554
145141 1727
145183 2255
145224 1903
145266 1547
145308 1636
145350 1428
145392 1577
145433 1760
145475 1567
145517 1380
145559 1392
145601 1366
145642 1314
145684 1313
145726 1426
145768 1646
145810 1416
145851 1486
145893 1789
145935 1457
145977 1354
146019 1373
146061 1501
146103 1527
146144 1533
146186 1606
146228 1563
146270 1586
146312 1612
146354 1618
146396 1617
146437 1601
146479 2465
146521 1956
146563 1544
146605 1669
146647 1502
146689 1427
146731 1844
146773 1576
146815 1534
146856 1397
146898 1383
146940 1385
146982 1423
147024 1426
147066 1795
147108 1572
147150 1564
147192 1698
147234 1474
147276 1367
147318 1379
147360 1510
147402 1724
147444 1423
147486 1407
147528 1576
147570 1677
147612 1599
147654 1760
147695 1700
147737 1587
147779 1906
147821 2280
147863 1843
147905 1609
147947 1469
147989 1443
148031 2037
148073 1636
148116 1797
148158 1750
148200 1818
148242 1609
148284 1514
148326 1635
148368 1437
148410 1786
148452 1694
148494 1648
148536 1447
148578 1474
148620 1398
148662 1414
148704 1400
148746 1326
148788 1494
148830 1521
148872 1543
148914 1554
148957 1683
148999 1606
149041 1701
149083 1849
149125 2215
149167 1931
149209 1598
149251 1623
149293 1998
149335 1596
149378 1444
149420 1470
149462 1726
149504 1500
149546 1450
149588 1579
149630 1495
149673 1422
149715 1714
149757 1477
149799 1524
149841 1411
149883 1456
149925 1430
149968 1388
150010 1423
150052 1407
150094 1502
150136 1634
150179 2007
150221 1810
150263 1836
150305 1872
150347 2151
150389 1990
150432 2195
150474 2155
150516 1765
150558 1701
150601 1685
150643 1558
150685 1550
150727 1455
150769 1496
150812 1404
150854 1569
150896 1604
150938 1507
150981 1977
151023 1584
151065 1491
151107 1463
151150 1727
151192 1546
151234 1506
151276 1447
151319 1584
151361 1437
151403 1530
151446 1564
151488 1921
151530 1850
151572 2109
151615 1997
151657 1911
151699 2042
151742 1770
151784 2166
151826 1875
151869 1788
151911 1635
151953 1482
151996 1431
152038 1375
152080 1377
152123 1851
152165 1689
152207 2137
152250 1663
152292 1671
152334 1596
152377 1770
152419 1593
152461 1499
152504 2222
152546 1708
152589 2020
152631 1761
152673 1626
152716 1614
152758 1643
152800 1801
152843 1771
152885 1852
152928 1789
152970 1605
153012 1828
153055 1980
153097 2159
153140 2880
153182 2008
153225 2117
153267 1723
153309 1839
153352 1788
153394 1730
153437 1650
153479 1790
153522 1839
153564 1718
153607 1646
153649 2149
153692 1679
153734 1611
153776 1680
153819 1619
153861 1684
153904 1783
153946 1588
153989 2434
154031 1894
154074 1806
154116 1703
154159 1770
154201 1882
154244 2157
154286 2869
154329 1774
154371 1884
154414 1827
154456 2040
154499 1751
154541 1776
154584 1933
154627 1717
154669 1744
154712 1678
154754 2255
154797 1763
154839 1875
154882 1739
154924 1627
154967 1613
155010 1968
155052 1699
155095 1645
155137 1905
155180 1989
155222 2232
155265 2109
155308 2074
155350 2234
155393 2059
155435 2279
155478 2056
155521 1943
155563 2358
155606 1943
155648 1726
155691 1945
155734 1707
155776 1713
155819 1853
155862 1705
155904 1727
155947 1693
155989 1708
156032 1641
156075 1962
156117 2263
156160 1703
156203 1967
156245 1970
156288 1737
156331 1740
156373 1773
156416 1734
156459 1791
156501 1851
156544 1886
156587 2259
156630 2188
156672 2098
156715 2224
156758 1883
156800 2238
156843 2285
156886 1620
156928 1802
156971 1608
157014 1826
157057 1804
157099 1693
157142 1546
157185 1635
157228 1916
157270 2115
157313 2047
157356 1815
157399 2002
157441 1972
157484 2094
157527 2272
157570 2468
157612 2178
157655 2353
157698 2582
157741 2315
157784 2508
157826 2149
157869 2009
157912 2015
157955 1946
157997 1962
158040 2224
158083 2089
158126 1699
158169 1569
158212 1526
158254 1647
158297 1666
158340 1716
158383 1716
158426 1570
158468 1520
158511 1660
158554 1792
158597 1561
158640 1902
158683 1833
158726 1609
158768 2192
158811 1832
158854 1909
158897 2292
158940 1868
158983 2081
159026 1650
159069 1701
159111 1547
159154 1713
159197 1587
159240 2668
159283 1721
159326 1590
159369 1592
159412 1845
159455 1668
159498 1529
159540 1688
159583 1504
159626 1626
159669 1575
159712 1503
159755 1550
159798 1614
159841 1526
159884 1545
159927 1617
159970 1710
160013 1749
160056 1570
160099 1680
160142 1671
160185 1676
160228 2180
160271 2335
160314 1843
160357 1894
160400 1635
160443 1612
160486 1990
160528 1665
160571 1531
160614 1537
160658 1736
160701 1603
160744 1496
160787 1812
160830 1575
160873 1647
160916 1577
160959 1497
161002 1509
161045 1511
161088 1638
161131 1506
161174 1568
161217 1457
161260 1831
161303 1730
161346 1962
161389 1795
161432 1746
161475 2337
161518 2412
161561 1912
161604 1717
161648 1631
161691 1758
161734 1797
161777 1782
161820 1565
161863 1593
161906 1506
161949 1494
161992 1481
162035 1657
162078 1662
162122 1823
162165 1605
162208 1552
162251 1792
162294 1705
162337 1918
162380 1744
162424 1582
162467 1699
162510 1537
162553 1717
162596 1608
162639 1747
162682 2039
162726 1912
162769 1831
162812 2122
162855 2134
162898 1713
162941 2175
162985 1725
163028 1629
163071 1562
163114 1551
163157 1587
163201 1908
163244 1589
163287 1560
163330 1564
163373 1630
163417 1549
163460 1736
163503 1642
163546 1864
163589 1608
163633 1692
163676 1682
163719 1645
163762 1658
163806 1619
163849 1636
163892 1730
163935 1996
163979 1739
164022 2004
164065 2081
164108 1945
164152 1775
164195 2871
164238 1696
164282 1827
164325 1856
164368 1624
164411 1605
164455 1930
164498 1732
164541 2054
164585 1676
164628 1683
164671 1586
164715 1881
164758 1614
164801 1709
164844 1559
164888 1624
164931 1538
164974 1662
165018 1608
165061 1741
165104 1739
165148 2112
165191 1714
165235 1875
165278 2253
165321 1963
165365 1980
165408 1713
165451 1598
165495 1572
165538 1848
165581 1651
165625 1598
165668 1852
165712 1625
165755 1756
165798 1614
165842 1578
165885 1603
165929 1769
165972 1619
166015 1558
166059 1535
166102 1528
166146 1701
166189 1672
166233 1609
166276 1529
166319 1687
166363 1810
166406 2006
166450 1956
166493 1840
166537 2061
166580 2307
166623 1928
166667 1862
166710 1627
166754 1796
166797 1555
166841 1635
166884 1539
166928 1658
166971 1582
167015 2397
167058 1699
167102 1957
167145 1767
167189 2050
167232 1734
167276 1732
167319 1804
167363 1601
167406 1817
167450 1600
167493 1740
167537 1597
167580 1796
167624 1586
167667 1867
167711 1681
167754 1893
167798 1771
167842 1752
167885 1787
167929 1823
167972 2288
168016 1974
168059 2122
168103 1773
168146 1652
168190 2269
168234 1706
168277 1621
168321 1633
168364 1911
168408 1670
168451 1628
168495 1980
168539 1683
168582 2007
168626 1824
168670 1775
168713 1576
168757 1775
168800 1609
168844 1823
168888 1644
168931 1870
168975 1770
169018 2168
169062 1855
169106 1798
169149 2697
169193 2151
169237 2039
169280 1938
169324 1849
169368 1816
169411 1716
169455 1600
169499 1597
169542 1622
169586 1609
169630 1602
169673 2059
169717 1719
169761 2408
169804 1678
169848 1779
169892 1660
169935 2041
169979 1673
170023 1598
170067 1587
170110 1626
170154 1892
170198 1655
170241 1921
170285 1816
170329 2312
170373 2352
170416 2042
170460 2308
170504 2166
170548 1843
170591 1854
170635 1700
170679 1871
170723 1684
170766 1782
170810 2080
170854 2084
170898 2257
170941 1724
170985 1725
171029 1608
171073 1892
171117 1711
171160 1647
171204 2001
171248 1767
171292 1998
171336 1700
171379 2081
171423 1920
171467 1792
171511 1664
171555 1705
171598 1683
171642 1623
171686 1773
171730 1833
171774 1921
171818 2561
171861 2608
171905 2069
171949 1868
171993 1743
172037 2312
172081 2019
172125 1813
172168 1643
172212 1740
172256 1679
172300 1624
172344 2490
172388 1773
172432 1825
172476 2161
172519 2036
172563 2044
172607 1777
172651 2045
172695 1746
172739 1690
172783 1801
172827 1877
172871 1896
172915 2114
172959 2505
173002 1933
173046 1877
173090 1912
173134 1866
173178 1832
173222 1741
173266 1677
173310 1697
173354 1693
173398 1643
173442 1743
173486 2357
173530 1810
173574 2000
173618 1863
173662 1762
173706 2027
173750 2773
173794 2275
173838 1780
173882 1674
173926 1838
173970 2059
174014 2298
174058 2116
174102 1975
174146 2006
174190 1743
174234 1765
174278 2298
174322 1809
174366 1799
174410 1768
174454 2023
174498 1808
174542 1738
174586 1696
174630 1704
174674 1854
174718 1680
174762 1726
174806 1670
174850 1850
174894 2559
174938 1968
174982 2005
175026 2207
175070 1939
175115 1830
175159 1993
175203 2385
175247 1941
175291 1674
175335 1907
175379 1877
175423 2235
175467 1813
175511 1847
175555 1655
175600 1932
175644 1721
175688 1651
175732 1914
175776 1773
175820 1895
175864 1692
175908 1801
175953 1650
175997 1921
176041 1634
176085 1843
176129 1920
176173 1855
176217 2219
176262 1965
176306 2432
176350 3070
176394 2196
176438 2123
176482 1870
176527 2430
176571 1900
176615 1933
176659 1739
176703 1876
176748 1789
176792 1797
176836 1906
176880 1978
176924 1948
176969 1741
177013 1925
177057 1754
177101 1763
177145 1712
177190 2174
177234 2055
177278 1834
177322 2036
177367 1924
177411 2158
177455 2863
177499 2030
177544 2101
177588 1932
177632 2390
177676 1898
177721 1922
177765 1801
177809 1758
177853 1719
177898 1830
177942 1897
177986 2044
178031 2015
178075 1865
178119 1768
178163 1759
178208 2007
178252 1843
178296 1796
178341 1921
178385 1771
178429 2005
178474 1909
178518 2178
178562 2282
178607 2105
178651 2253
178695 2221
178740 2735
178784 1999
178828 1873
178873 1779
178917 2011
178961 1759
179006 1737
179050 1770
179094 1723
179139 1900
179183 1719
179227 1766
179272 1649
179316 2336
179361 2160
179405 2026
179449 1881
179494 1719
179538 1891
179582 1699
179627 1955
179671 1892
179716 1932
179760 2059
179805 1933
179849 2937
179893 2100
179938 2101
179982 1748
180027 2133
180071 2143
180115 1748
180160 1915
180204 1851
180249 2352
180293 1848
180338 1728
180382 1704
180427 1747
180471 1736
180515 1845
180560 1925
180604 1828
180649 1971
180693 1733
180738 2100
180782 1981
180827 2481
180871 2039
180916 2068
180960 1919
181005 2093
181049 2350
181094 2328
181138 2063
181183 1820
181227 1829
181272 1777
181316 1895
181361 2618
181405 1847
181450 1814
181494 1724
181539 1750
181583 1904
181628 1830
181673 1798
181717 1730
181762 1910
181806 1818
181851 1907
181895 1700
181940 2051
181984 1845
182029 2078
182074 2104
182118 2044
182163 1922
182207 2170
182252 2553
182296 2045
182341 1904
182386 1730
182430 1940
182475 3023
182519 1988
182564 1779
182609 1785
182653 2036
182698 1863
182743 1979
182787 1960
182832 2164
182876 1774
182921 1734
182966 1731
183010 1784
183055 1723
183100 1831
183144 1747
183189 2127
183233 1875
183278 2065
183323 2039
183367 2218
183412 3524
183457 2215
183501 1939
183546 2287
183591 1923
183635 1811
183680 1735
183725 1782
183770 1938
183814 2143
183859 2162
183904 1813
183948 1921
183993 1809
184038 2074
184082 1792
184127 1813
184172 1761
184217 1766
184261 1901
184306 1951
184351 2032
184396 1841
184440 2011
184485 2008
184530 2753
184574 2324
184619 2505
184664 2273
184709 1851
184753 1989
184798 1867
184843 2051
184888 1786
184933 1948
184977 1959
185022 2372
185067 1931
185112 1873
185156 1866
185201 2031
185246 2300
185291 1871
185336 1862
185380 1769
185425 1775
185470 1798
185515 2040
185560 1830
185604 11319
