0 5
1 1
2 0
4 2
6 2
9 3
12 4
15 5
18 13
21 7
25 13
28 10
32 16
36 20
40 19
44 21
48 22
52 24
57 27
61 33
66 30
70 51
75 33
80 40
85 41
90 49
95 75
100 77
106 89
111 88
116 82
122 103
127 106
133 95
139 82
145 77
150 70
156 80
162 85
168 82
174 88
181 86
187 160
193 104
199 92
206 135
212 124
219 110
225 122
232 119
239 120
245 128
252 124
259 133
266 130
273 142
280 145
287 138
294 149
301 148
308 167
315 163
323 189
330 181
337 171
345 147
352 164
360 160
367 179
375 217
382 303
390 252
398 199
406 185
413 184
421 186
429 197
437 205
445 196
453 227
461 232
469 245
477 217
486 230
494 221
502 221
510 231
519 224
527 284
535 255
544 248
552 246
561 277
570 276
578 290
587 269
595 263
604 287
613 275
622 326
630 299
639 284
648 304
657 353
666 329
675 301
684 318
693 302
702 334
711 453
721 332
730 323
739 360
748 336
757 335
767 340
776 340
786 344
795 357
804 357
814 373
823 396
833 407
843 380
852 555
862 594
872 569
881 629
891 503
901 578
911 596
920 927
930 688
940 630
950 705
960 592
970 431
980 590
990 644
1000 709
1010 689
1020 679
1030 522
1041 616
1051 611
1061 491
1071 492
1082 489
1092 534
1102 567
1113 524
1123 598
1133 623
1144 602
1154 582
1165 583
1175 515
1186 522
1197 565
1207 607
1218 544
1229 617
1239 554
1250 586
1261 620
1271 665
1282 580
1293 679
1304 606
1315 636
1326 653
1337 587
1348 658
1359 605
1370 664
1381 739
1392 615
1403 681
1414 673
1425 657
1436 662
1447 700
1459 686
1470 760
1481 704
1492 702
1504 692
1515 721
1526 704
1538 737
1549 794
1561 722
1572 691
1584 747
1595 706
1607 710
1618 716
1630 744
1641 740
1653 734
1665 727
1676 737
1688 774
1700 749
1711 761
1723 751
1735 802
1747 774
1759 781
1770 783
1782 836
1794 793
1806 937
1818 810
1830 844
1842 826
1854 827
1866 863
1878 863
1890 853
1902 842
1914 849
1927 885
1939 860
1951 870
1963 918
1975 873
1988 895
2000 885
2012 902
2024 1085
2037 1033
2049 1366
2062 1339
2074 974
2086 1021
2099 948
2111 1015
2124 1144
2136 1003
2149 956
2161 1145
2174 982
2186 1069
2199 1179
2212 1026
2224 1150
2237 1219
2250 1006
2262 997
2275 1060
2288 916
2301 729
2314 785
2326 818
2339 928
2352 715
2365 711
2378 808
2391 727
2404 799
2417 599
2430 467
2443 487
2456 479
2469 538
2482 478
2495 482
2508 479
2521 478
2534 481
2547 461
2560 476
2574 504
2587 474
2600 477
2613 489
2627 497
2640 479
2653 493
2666 492
2680 482
2693 512
2707 510
2720 504
2733 504
2747 526
2760 485
2774 497
2787 498
2801 487
2814 483
2828 504
2841 492
2855 511
2869 499
2882 513
2896 495
2910 527
2923 559
2937 501
2951 489
2964 511
2978 497
2992 495
3006 509
3020 505
3033 500
3047 524
3061 527
3075 508
3089 512
3103 524
3117 517
3131 517
3145 526
3159 538
3173 525
3187 545
3201 526
3215 523
3229 558
3243 557
3257 542
3271 532
3285 549
3299 561
3314 550
3328 542
3342 543
3356 547
3371 527
3385 529
3399 566
3413 542
3428 541
3442 562
3456 543
3471 551
3485 561
3500 560
3514 549
3528 571
3543 566
3557 560
3572 585
3586 574
3601 565
3615 595
3630 573
3644 595
3659 587
3674 576
3688 599
3703 581
3718 586
3732 600
3747 592
3762 614
3776 590
3791 616
3806 605
3821 610
3835 605
3850 609
3865 608
3880 602
3895 638
3910 618
3924 615
3939 635
3954 624
3969 631
3984 640
3999 631
4014 630
4029 643
4044 652
4059 631
4074 647
4089 637
4104 660
4119 656
4135 655
4150 659
4165 662
4180 637
4195 670
4210 646
4225 661
4241 652
4256 653
4271 666
4286 653
4302 665
4317 664
4332 664
4348 680
4363 672
4378 666
4394 678
4409 672
4425 697
4440 689
4455 688
4471 685
4486 686
4502 711
4517 709
4533 694
4548 690
4564 699
4579 718
4595 706
4611 710
4626 708
4642 726
4657 708
4673 722
4689 720
4704 731
4720 724
4736 730
4752 732
4767 731
4783 730
4799 730
4815 740
4830 741
4846 748
4862 775
4878 753
4894 773
4910 743
4925 765
4941 759
4957 764
4973 756
4989 771
5005 766
5021 782
5037 774
5053 779
5069 792
5085 778
5101 788
5117 784
5133 798
5149 786
5165 796
5182 798
5198 803
5214 823
5230 807
5246 803
5262 824
5278 822
5295 806
5311 816
5327 824
5343 816
5360 823
5376 828
5392 833
5409 828
5425 830
5441 860
5458 816
5474 829
5490 878
5507 870
5523 872
5540 895
5556 864
5573 886
5589 882
5605 889
5622 874
5638 886
5655 901
5672 878
5688 902
5705 890
5721 891
5738 926
5754 903
5771 911
5788 911
5804 906
5821 938
5838 930
5854 936
5871 926
5888 940
5904 921
5921 917
5938 942
5955 948
5972 929
5988 952
6005 943
6022 953
6039 936
6056 974
6072 949
6089 952
6106 958
6123 980
6140 970
6157 986
6174 973
6191 967
6208 955
6225 952
6242 975
6259 958
6276 961
6293 984
6310 972
6327 971
6344 983
6361 975
6378 979
6395 964
6413 1014
6430 1014
6447 996
6464 1004
6481 993
6498 1001
6516 1011
6533 1009
6550 1003
6567 1003
6585 1016
6602 1012
6619 1013
6636 1025
6654 1017
6671 1027
6688 1036
6706 1043
6723 1031
6740 1045
6758 1033
6775 1042
6793 1047
6810 1100
6827 1112
6845 1063
6862 1072
6880 1062
6897 1064
6915 1075
6932 1059
6950 1061
6967 1073
6985 1089
7003 1077
7020 1088
7038 1075
7055 1096
7073 1153
7091 1120
7108 1098
7126 1104
7144 1099
7161 1102
7179 1110
7197 1104
7214 1114
7232 1159
7250 1118
7268 1120
7285 1126
7303 1130
7321 1117
7339 1135
7356 1120
7374 1152
7392 1137
7410 1165
7428 1152
7446 1142
7464 1148
7482 1164
7499 1175
7517 1149
7535 1166
7553 1167
7571 1157
7589 1177
7607 1163
7625 1166
7643 1178
7661 1173
7679 1189
7697 1182
7715 1178
7733 1203
7751 1181
7770 1209
7788 1204
7806 1196
7824 1197
7842 1200
7860 1211
7878 1201
7897 1224
7915 1205
7933 1222
7951 1222
7969 1219
7988 1233
8006 1250
8024 1233
8042 1251
8061 1237
8079 1246
8097 1239
8116 1242
8134 1276
8152 1282
8171 1287
8189 1287
8207 1288
8226 1293
8244 1290
8263 1300
8281 1304
8299 1295
8318 1316
8336 1314
8355 1312
8373 1315
8392 1318
8410 1327
8429 1334
8447 1309
8466 1345
8485 1343
8503 1330
8522 1335
8540 1324
8559 1314
8577 1274
8596 1279
8615 1294
8633 1291
8652 1303
8671 1285
8689 1319
8708 1310
8727 1316
8745 1304
8764 1321
8783 1324
8802 1328
8820 1318
8839 1334
8858 1404
8877 1377
8896 1391
8914 1406
8933 1412
8952 1389
8971 1389
8990 1400
9009 1412
9028 1404
9047 1418
9065 1411
9084 1416
9103 1429
9122 1411
9141 1457
9160 1442
9179 1429
9198 1437
9217 1431
9236 1444
9255 1447
9274 1441
9293 1456
9312 1450
9331 1377
9350 1391
9369 1406
9389 1439
9408 1400
9427 1387
9446 1423
9465 1448
9484 1417
9503 1443
9523 1461
9542 1449
9561 1443
9580 1512
9599 1545
9619 1488
9638 1506
9657 1496
9676 1505
9696 1515
9715 1528
9734 1512
9754 1523
9773 1528
9792 1539
9812 1590
9831 1547
9850 1544
9870 1521
9889 1544
9908 1553
9928 1538
9947 1560
9967 1559
9986 1506
10006 1521
10025 1512
10045 1509
10064 1519
10084 1515
10103 1510
10123 1514
10142 1536
10162 1516
10181 1572
10201 1528
10220 1555
10240 1596
10259 1638
10279 1626
10299 1617
10318 1597
10338 1643
10358 1620
10377 1623
10397 1614
10417 1630
10436 1651
10456 1631
10476 1648
10495 1640
10515 1653
10535 1568
10555 1581
10574 1581
10594 1595
10614 1593
10634 1623
10654 1591
10673 1597
10693 1602
10713 1595
10733 1624
10753 1598
10773 1616
10792 1605
10812 1609
10832 1634
10852 1637
10872 1631
10892 1692
10912 1712
10932 1695
10952 1707
10972 1725
10992 1713
11012 1738
11032 1738
11052 1723
11072 1735
11092 1726
11112 1727
11132 1683
11152 1687
11172 1676
11192 1669
11212 1679
11232 1719
11252 1701
11273 1679
11293 1696
11313 1689
11333 1682
11353 1716
11373 1710
11394 1704
11414 1733
11434 1706
11454 1743
11474 1773
11495 1820
11515 1815
11535 1798
11555 1806
11576 1794
11596 1813
11616 1838
11637 1819
11657 1801
11677 1836
11698 1812
11718 1744
11738 1773
11759 1755
11779 1750
11799 1780
11820 1769
11840 1760
11861 1771
11881 1769
11902 1777
11922 1821
11942 1788
11963 1821
11983 1816
12004 1809
12024 1791
12045 1829
12065 1797
12086 1808
12106 1815
12127 1815
12148 1818
12168 1806
12189 1827
12209 1801
12230 1819
12251 1805
12271 1823
12292 1812
12312 1826
12333 1812
12354 1839
12374 1809
12395 1836
12416 1840
12436 1827
12457 1833
12478 1850
12499 1851
12519 1847
12540 1854
12561 1863
12582 1839
12602 1858
12623 1873
12644 1922
12665 1896
12686 1892
12706 1886
12727 1922
12748 1924
12769 1937
12790 1923
12811 1922
12832 1925
12852 1919
12873 1925
12894 1945
12915 1931
12936 1939
12957 1943
12978 1949
12999 1962
13020 1945
13041 1966
13062 1939
13083 1972
13104 1968
13125 1964
13146 1976
13167 1974
13188 1981
13209 2003
13230 1990
13251 1985
13272 2001
13294 1993
13315 1995
13336 2006
13357 2010
13378 2001
13399 2002
13420 2026
13441 2009
13463 2023
13484 2016
13505 2006
13526 2023
13547 2045
13569 2040
13590 2100
13611 2061
13632 2032
13654 2048
13675 2058
13696 2049
13717 2075
13739 2065
13760 2063
13781 2079
13803 2092
13824 2055
13845 2080
13867 2086
13888 2084
13909 2091
13931 2084
13952 2108
13974 2106
13995 2084
14016 2082
14038 2098
14059 2117
14081 2108
14102 2133
14124 2112
14145 2123
14167 2134
14188 2224
14210 2143
14231 2149
14253 2143
14274 2142
14296 2204
14317 2141
14339 2150
14360 2186
14382 2176
14404 2164
14425 2166
14447 2163
14468 2176
14490 2157
14512 2181
14533 2173
14555 2189
14577 2176
14598 2172
14620 2197
14642 2173
14663 2174
14685 2200
14707 2197
14728 2209
14750 2205
14772 2208
14794 2233
14815 2217
14837 2213
14859 2216
14881 2208
14903 2240
14924 2229
14946 2237
14968 2246
14990 2231
15012 2237
15034 2329
15055 2278
15077 2251
15099 2284
15121 2256
15143 2264
15165 2272
15187 2252
15209 2265
15231 2305
15253 2283
15275 2303
15297 2407
15318 2321
15340 2282
15362 2258
15384 2280
15406 2273
15428 2286
15450 2284
15473 2295
15495 2282
15517 2302
15539 2300
15561 2308
15583 2318
15605 2298
15627 2359
15649 2303
15671 2319
15693 2308
15715 2299
15738 2341
15760 2412
15782 2323
15804 2314
15826 2480
15848 2343
15871 2334
15893 2367
15915 2348
15937 2359
15959 2353
15982 2360
16004 2357
16026 2353
16048 2388
16071 2382
16093 2367
16115 2367
16138 2371
16160 2386
16182 2389
16205 2411
16227 2422
16249 2407
16272 2394
16294 2411
16316 2402
16339 2537
16361 2431
16383 2427
16406 2411
16428 2418
16451 2450
16473 2468
16496 2434
16518 2469
16541 2456
16563 2468
16585 2455
16608 2443
16630 2454
16653 2463
16675 2488
16698 2465
16720 2456
16743 2466
16766 2383
16788 2404
16811 2619
16833 2579
16856 2507
16878 2449
16901 2491
16924 2495
16946 2472
16969 2428
16991 2515
17014 2485
17037 2487
17059 2472
17082 2423
17105 2482
17127 2518
17150 2502
17173 2437
17196 2443
17218 2442
17241 2538
17264 2580
17286 2562
17309 2699
17332 2529
17355 2586
17377 2569
17400 2599
17423 2604
17446 2562
17469 2584
17492 2577
17514 2584
17537 2582
17560 2597
17583 2589
17606 2610
17629 2575
17651 2612
17674 2571
17697 2516
17720 2651
17743 2623
17766 2748
17789 2672
17812 2639
17835 2649
17858 2697
17881 2625
17904 2649
17927 2691
17950 2671
17973 2580
17996 2607
18019 2580
18042 2599
18065 2604
18088 2589
18111 2571
18134 2631
18157 2662
18180 2610
18203 2631
18226 2615
18249 2899
18272 2609
18295 2639
18319 2649
18342 2627
18365 2648
18388 2664
18411 2660
18434 2654
18458 2697
18481 2703
18504 2646
18527 2663
18550 2651
18573 2797
18597 2765
18620 2801
18643 2758
18666 2749
18690 2947
18713 2858
18736 2785
18759 2810
18783 2823
18806 2781
18829 2786
18853 2798
18876 2812
18899 2780
18923 2817
18946 2848
18969 2807
18993 2804
19016 2780
19039 2727
19063 2767
19086 2745
19110 2780
19133 3072
19157 2762
19180 2715
19203 2718
19227 2736
19250 2722
19274 2766
19297 2719
19321 2736
19344 2725
19368 2757
19391 2743
19415 2782
19438 2761
19462 2781
19485 2767
19509 2764
19532 2764
19556 3053
19579 2775
19603 3240
19627 2916
19650 2849
19674 2789
19697 2797
19721 2794
19745 2810
19768 2794
19792 2808
19816 2803
19839 2806
19863 2818
19887 2825
19910 2832
19934 2874
19958 2998
19981 3144
20005 2966
20029 2989
20052 2883
20076 2858
20100 2862
20124 2854
20147 2934
20171 2871
20195 2854
20219 2881
20243 2884
20266 2873
20290 2874
20314 2880
20338 2890
20362 2880
20385 2890
20409 3157
20433 2896
20457 2896
20481 2910
20505 2889
20529 2908
20553 2905
20576 2917
20600 2912
20624 2935
20648 2957
20672 2971
20696 2988
20720 2991
20744 2994
20768 2987
20792 3016
20816 3007
20840 3225
20864 2971
20888 2953
20912 3003
20936 2969
20960 2983
20984 2960
21008 2936
21032 3009
21056 3025
21080 2978
21104 3000
21128 3008
21153 2998
21177 3008
21201 2898
21225 2899
21249 2961
21273 3258
21297 3026
21321 3032
21346 3014
21370 2928
21394 2922
21418 3013
21442 3070
21466 3060
21491 3022
21515 3030
21539 3078
21563 3083
21588 3057
21612 3088
21636 3091
21660 3060
21685 3351
21709 3103
21733 3088
21757 3062
21782 3076
21806 3089
21830 3122
21855 3097
21879 3051
21903 3098
21928 3096
21952 3109
21976 3132
22001 3093
22025 3007
22049 3005
22074 3002
22098 3028
22123 3275
22147 3103
22171 3030
22196 3038
22220 3090
22245 3160
22269 3130
22294 3160
22318 3156
22343 3189
22367 3252
22392 3147
22416 3073
22441 3053
22465 3098
22490 3149
22514 3200
22539 3180
22563 3468
22588 3095
22612 3156
22637 3160
22661 3111
22686 3161
22711 3157
22735 3235
22760 3227
22784 3212
22809 3172
22834 3239
22858 3256
22883 3251
22908 3255
22932 3510
22957 3275
22982 3275
23006 3246
23031 3283
23056 3309
23080 3261
23105 3327
23130 3293
23154 3283
23179 3362
23204 3336
23229 3312
23253 3305
23278 3302
23303 3303
23328 3562
23353 3347
23377 3319
23402 3327
23427 3347
23452 3332
23477 3339
23501 3348
23526 3341
23551 3307
23576 3348
23601 3369
23626 3338
23650 3357
23675 3366
23700 3368
23725 3653
23750 3332
23775 3326
23800 3327
23825 3357
23850 3332
23875 3398
23900 3352
23925 3336
23950 3344
23975 3408
23999 3356
24024 3435
24049 3414
24074 3374
24099 3544
24124 3495
24150 3437
24175 3433
24200 3484
24225 3453
24250 3499
24275 3492
24300 3487
24325 3549
24350 3510
24375 3496
24400 3493
24425 3501
24450 3541
24475 3514
24501 3561
24526 3525
24551 3523
24576 3582
24601 3523
24626 3508
24652 3568
24677 3595
24702 3569
24727 3565
24752 3565
24777 3552
24803 3620
24828 3564
24853 3570
24878 3555
24904 3618
24929 3641
24954 3526
24979 3432
25005 3436
25030 3495
25055 3448
25081 3455
25106 3472
25131 3480
25156 3538
25182 3483
25207 3477
25232 3465
25258 3524
25283 3675
25308 3647
25334 3618
25359 3598
25385 3682
25410 3653
25435 3672
25461 3653
25486 3717
25512 3651
25537 3523
25562 3517
25588 3530
25613 3602
25639 3687
25664 3585
25690 3652
25715 3673
25741 3639
25766 3534
25792 3529
25817 3523
25843 3615
25868 3538
25894 3538
25919 3545
25945 3528
25970 3620
25996 3610
26022 3572
26047 3562
26073 3616
26098 3580
26124 3584
26149 3532
26175 3576
26201 3644
26226 3594
26252 3585
26278 3597
26303 3656
26329 3602
26354 3653
26380 3611
26406 3600
26431 3666
26457 3624
26483 3619
26509 3614
26534 3611
26560 3687
26586 3640
26611 3641
26637 3645
26663 3697
26689 3657
26714 3797
26740 3657
26766 3669
26792 3719
26817 3651
26843 3669
26869 3673
26895 3735
26921 3674
26946 3693
26972 3684
26998 3692
27024 3764
27050 3749
27076 3788
27102 3715
27127 3763
27153 3721
27179 3713
27205 3701
27231 3734
27257 3775
27283 3744
27309 3721
27335 3734
27361 3795
27386 3745
27412 3853
27438 3938
27464 3969
27490 3906
27516 3768
27542 3756
27568 3759
27594 3820
27620 3788
27646 3764
27672 3776
27698 3849
27724 3785
27750 3801
27776 3850
27802 3856
27829 3819
27855 3813
27881 3835
27907 3831
27933 3887
27959 3829
27985 3839
28011 3838
28037 3901
28063 3858
28089 3851
28116 3837
28142 4003
28168 3988
28194 3864
28220 3871
28246 3784
28273 3920
28299 3843
28325 3858
28351 3899
28377 3930
28404 3920
28430 3998
28456 3893
28482 3984
28508 3972
28535 3961
28561 3927
28587 3960
28613 3933
28640 3964
28666 3937
28692 3972
28719 3930
28745 3943
28771 3920
28797 3860
28824 3956
28850 3927
28876 3951
28903 3976
28929 4009
28956 3963
28982 3970
29008 3990
29035 3958
29061 3897
29087 3901
29114 3954
29140 4046
29167 3961
29193 3947
29219 4028
29246 4076
29272 4011
29299 4000
29325 4012
29352 4009
29378 4092
29405 4031
29431 3968
29458 4246
29484 4431
29511 4073
29537 4053
29564 4036
29590 4154
29617 4082
29643 4074
29670 4085
29696 4132
29723 4067
29749 4071
29776 4031
29802 4146
29829 4077
29856 4088
29882 4095
29909 4085
29935 4020
29962 4112
29989 4119
30015 4207
30042 4117
30069 4068
30095 4131
30122 4226
30149 4097
30175 4041
30202 4116
30229 4158
30255 4001
30282 4038
30309 4151
30335 4238
30362 4129
30389 4015
30415 4017
30442 4140
30469 4173
30496 4163
30522 4145
30549 4202
30576 4156
30603 4202
30630 4205
30656 4280
30683 4147
30710 4198
30737 4195
30764 4266
30790 4154
30817 4128
30844 4208
30871 4243
30898 4092
30925 4077
30951 4088
30978 4194
31005 4174
31032 4197
31059 4262
31086 4357
31113 4343
31140 4319
31167 4154
31194 4357
31220 4274
31247 4200
31274 4293
31301 4374
31328 4294
31355 4290
31382 4379
31409 4326
31436 4326
31463 4316
31490 4398
31517 4259
31544 4260
31571 4247
31598 4242
31625 4241
31652 4184
31679 4181
31706 4299
31733 4374
31760 4353
31787 4386
31815 4425
31842 4316
31869 4279
31896 4287
31923 4470
31950 4379
31977 4239
32004 4224
32031 4352
32058 4418
32086 4409
32113 4438
32140 4428
32167 4319
32194 4248
32221 4300
32249 4283
32276 4517
32303 4460
32330 4525
32357 4546
32385 4486
32412 4476
32439 4516
32466 4481
32493 4465
32521 4513
32548 4487
32575 4356
32603 4292
32630 4362
32657 4325
32684 4408
32712 4512
32739 4545
32766 4486
32794 4337
32821 4384
32848 4340
32875 4333
32903 4336
32930 4386
32958 4355
32985 4352
33012 4368
33040 4595
33067 4487
33094 4376
33122 4378
33149 4476
33177 4378
33204 4392
33231 4412
33259 4445
33286 4399
33314 4368
33341 4560
33369 4595
33396 4586
33423 4605
33451 4540
33478 4532
33506 4420
33533 4441
33561 4481
33588 4437
33616 4448
33643 4498
33671 4571
33698 4635
33726 4522
33753 4800
33781 4644
33809 4535
33836 4469
33864 4529
33891 4492
33919 4477
33946 4534
33974 4521
34002 4699
34029 4571
34057 4704
34084 4636
34112 4512
34140 4556
34167 4538
34195 4509
34222 4522
34250 4563
34278 4538
34305 4536
34333 4802
34361 4740
34388 4650
34416 4571
34444 4700
34472 4565
34499 4576
34527 4566
34555 4596
34582 4573
34610 4574
34638 4824
34666 4797
34693 4684
34721 4648
34749 4591
34777 4604
34804 4557
34832 4579
34860 4805
34888 4763
34916 4709
34943 4755
34971 5147
